2500
91959 -34974
84127 9445
-32516 -37815
-99466 -26074
-37074 -84324
54086 -91836
50728 -96396
-15565 -59869
79505 99561
43305 39996
-83143 16352
-1722 49275
-52110 80914
12049 -93306
-42 -1132
-54592 -74201
87257 -81885
25033 87591
-66524 98446
33755 -46318
-27381 -10535
-91327 57791
-90440 98980
-2627 98592
-75204 83818
82797 -33740
65170 76471
40521 -96695
-69707 -14116
-41784 -66136
-64425 -84270
13500 15547
-27532 66888
-10961 53955
48924 -53410
65356 80681
-45803 77114
74477 6703
-92776 -86983
-88264 55090
-44624 75371
-17530 52620
-49580 -6324
-79285 82988
48732 22494
20405 54498
94396 54576
36237 29589
67302 3760
-97504 -42133
18850 91956
64159 -30804
-35245 40120
57723 68330
-74447 -91695
86134 41867
75370 -10207
-28118 -25455
-8254 65174
72404 -66832
54262 16704
-96832 28807
90086 12483
-94289 -46674
50748 -58660
-80462 62385
67690 -3615
-80208 -69096
-8183 -69886
-13734 -54860
68990 7545
-32080 -76363
31073 17441
-55492 35792
-13166 26333
-80083 -20285
-95681 65519
-52524 19337
-1138 -41553
32187 71291
-49898 49056
-66090 -88692
-67691 94971
-47836 -83007
-93373 60818
-45005 56281
-91847 -41753
51175 71629
-77714 1383
-58038 -56197
-55780 89534
-17024 54186
26555 -41355
-28867 -94
-85866 24303
-43025 -2161
-91491 -34857
-35918 91365
66299 39467
-16135 87085
64163 -55113
-95201 33327
-66456 48561
26188 -43746
84583 67710
-41546 43925
5835 39279
19893 99166
-87837 -74415
35903 60772
81075 -11181
32310 -22066
78606 77897
35199 61679
-80783 -34427
45136 31411
51669 8420
23591 -58223
60359 46743
-99052 11249
31203 20868
-21104 -30629
62164 -56838
75222 33466
9395 -39507
17889 60098
77541 -26209
-93782 -4510
67651 -37840
-82795 -36748
83852 -61081
-89764 30690
72994 -71857
16230 -62456
-53480 -13807
-92405 63126
12213 27193
-65657 -48725
-74731 98242
1623 51886
7549 -53872
-25706 9386
11814 -79518
-83020 -13989
83551 -39434
-74250 67058
-56215 -1863
94148 5077
-75154 -88520
-75178 3344
-62712 -5766
-60964 -23550
92992 -48749
12221 23016
-94070 20543
-28391 -33098
-59017 96923
-11668 86514
-43804 5895
-22136 -81539
27532 -90145
-46255 -74870
88036 -11460
37945 77770
59466 -93606
38972 -11519
-89141 29834
78837 78890
-42407 -19041
-49816 77593
58051 66601
28625 56716
38510 -69630
24030 36037
-26259 25283
63681 -80215
51138 -39693
-41772 42071
-7102 -46896
7105 46336
3531 66332
-11243 -96869
95349 16615
52754 -29461
-81587 -16736
-79160 79446
-44795 -32506
-53404 61682
-61788 -76771
28720 -40296
-44723 -78113
96092 66266
-60547 69809
96599 -70662
62442 60486
-45084 23447
-73100 60591
-61940 14102
39177 50621
43742 23090
54562 7347
73414 -16902
49418 239
-85148 57065
9171 73045
20808 -73601
-9511 52791
-66456 6435
-51353 35772
-87185 -11044
-21317 24542
48816 -16774
-4274 -87599
57856 -28719
57505 73660
5653 12274
34742 89973
35377 31691
37627 -47367
48412 19425
-96985 85740
-53631 19820
-55801 5060
-60902 32216
-96463 -9993
74947 32067
45334 -30025
71717 34599
88219 -81445
75740 87170
74446 35255
67418 -62411
77328 39376
-72254 9352
-17093 -90414
11698 78260
-26537 -57929
9522 1815
93421 65580
-94326 67273
12704 90366
-80680 94257
-96972 2828
81694 68153
-24964 11110
68310 -10558
-44677 -67593
-38290 85036
-946 -76415
-26800 94242
-93970 49646
73468 -53373
917 65934
-8898 85830
-87143 66335
-63164 -24695
-24414 -15991
-3728 -65587
81337 -49941
-47051 -30382
97348 44256
75030 88969
-81251 -63975
90907 85793
80065 91895
-16910 65555
24197 57754
79907 73357
13810 -355
-34118 9994
-44997 41159
71952 -1249
58419 -45915
91931 -51290
92585 -45828
-9308 -4663
13524 40069
-25697 96009
-63452 74951
85916 -12785
82945 -39853
-50296 -23225
70044 -97195
85071 48523
17167 -37971
-76259 41524
-98615 -98621
89097 2696
-85465 -27409
-16114 52909
96163 74842
-92572 33114
43583 23287
40019 -46079
32255 6185
-84381 -40725
-27933 31482
-11444 -81995
-54623 83199
33283 98864
6892 9380
28236 -86165
-35058 -93230
-30384 86899
-72043 -68258
15061 53325
14304 -62230
23260 37437
45810 83361
-85717 -7222
44608 80095
91877 56430
-54744 -53309
36769 93728
-3567 -81040
44814 -37389
34897 -23878
-14488 -11162
85235 34052
62822 -66037
-61906 52926
-63472 62366
69369 -5450
-34947 -41274
-95794 39991
-23262 -48004
69183 85414
33205 -71934
74529 20199
-91674 -46023
-94390 51156
75458 -99033
-49500 29989
86753 52897
-41886 -88452
46411 29814
89652 88420
-70431 63661
56959 -94186
-82838 6850
53568 51813
21861 -10741
-3333 41509
50281 11027
47169 45933
-86296 -36528
34672 40397
-51539 -29080
71044 -51689
-67071 48949
92606 43131
5798 96223
92784 -5644
-28648 89757
61805 55934
80306 971
-31560 -63117
-98071 57719
98785 -95794
29322 72216
33992 23439
30180 -87166
11436 -15468
-40737 39403
9235 48305
15256 37419
-35638 -94704
-17146 -77498
85982 -99090
85650 11066
57922 -32603
-99494 -76682
-15087 21671
-4979 -66487
-31582 -31632
29354 3088
57433 -50133
31389 9557
-35987 92792
99086 57955
32963 779
21588 -7697
-70859 -31461
-97731 49540
38629 28305
21388 -57485
90209 38314
15562 60196
-14507 -55161
-11314 -54875
21350 -72371
-92403 86314
71523 56190
22280 30437
-35701 -26810
-32641 -42949
-88270 87349
-35703 -16372
-68893 17056
29606 16903
56542 -53165
96700 84134
-86135 -60894
-70594 78640
21082 42869
-95931 61425
70600 95968
80116 -38546
37039 -15056
-24062 4687
10462 75365
6812 -99761
58418 -59968
-53177 -27603
2613 87842
-13750 -96789
57601 -11265
-92653 55311
85642 -60797
13574 34855
-84383 -50206
-82540 79803
-74229 64156
-35309 -76054
43038 46870
-26670 -24110
1167 -40498
41031 -29153
60711 95323
-65568 53888
-65885 33721
-53969 -14311
-41778 -51304
-95223 52091
-97065 31846
16511 -28822
54525 78061
44009 44159
66166 97570
-85718 50146
-51165 69076
44556 65380
39839 -18206
-30284 74621
66837 98614
69005 -50433
-69989 -5922
-58772 12954
79645 82546
-48874 -39249
-48306 19703
1606 -23475
95651 85212
41796 -83718
-20167 49107
-18562 78531
63930 75043
-86598 -81723
-80199 -59318
-71846 -29012
-32210 14586
-2245 -3529
-81876 -25738
-31139 39985
19817 -52664
-34642 -43717
-84222 -14134
8840 -77625
20441 -24397
-79867 42683
97229 -41320
-42 -50789
35078 -29369
-15500 70979
-27786 2721
6250 -80939
-11891 42675
29182 50133
42776 33727
94447 86995
-33714 -46001
39899 97302
-86144 90842
-81523 -89818
-98283 -57168
51529 -2280
77636 73448
-97698 -62316
-40495 12907
-9959 -72923
-90697 56500
-80399 77805
23573 -12182
-98837 53347
93421 93498
47920 -7130
-39656 -2311
10029 -58382
-70447 22942
44950 -4767
26766 -1686
-62187 -95720
-50756 50539
-3882 -75114
41385 2054
38286 -11111
32632 -75785
68265 -62369
-29186 -17869
34985 83418
67739 52351
62114 38903
-23677 29486
51371 -90474
30847 -61840
-30964 41888
-54415 92236
70978 -6035
31877 22357
7456 -81865
-38623 60897
36251 19344
31551 93196
-1222 13601
-61806 -82712
72664 49254
71918 -3774
33054 -46285
51044 58399
-21683 53458
-97252 -82
96916 -62015
61610 79581
-72771 -95563
-74007 -77351
-45269 -71472
-50725 8762
14007 -26818
-12277 -13743
-88819 -87864
70877 -15420
3480 39450
-2474 40917
84375 -64113
37006 60125
15250 3585
1929 -3715
-98405 3129
-44058 -36708
43040 31852
57552 -6212
99168 -65918
-22620 -98929
-48131 -44484
-51037 -15957
-39418 -10646
-58794 15768
-98087 -5391
51441 42551
20744 -11727
6706 -81480
-85216 86855
-3174 46201
83667 53224
-72409 40246
-85837 65333
29478 -83278
-251 52631
36279 62100
29292 27158
-91388 -4725
20043 -32594
-72405 -71213
-19342 87318
-74022 51936
-44946 -87698
24047 4774
-16850 -38413
92052 -30366
-25649 -38179
8055 74904
78009 779
98717 -51696
20232 -84815
20359 -65962
-78854 -38288
42767 93699
-22546 61070
-83267 -814
-13106 -51483
-67825 -6619
-21419 84769
91721 -63866
17728 92048
-42472 97950
48767 -80863
87059 -78182
-94451 -41141
62878 -26028
-72977 34798
-82567 85280
-28630 -41358
56889 83747
55855 -75662
-59358 -43603
-45405 21833
-6733 91344
-21754 -14804
-93189 -89942
84330 65256
38020 -88405
36421 27865
-27141 97286
76385 54434
-16137 -88471
31437 62931
-15588 -70727
37256 -97974
12657 -84396
37179 -83575
-21544 38559
86395 -84220
-81820 98293
22742 30799
99386 43943
-78731 -65178
-63860 -96145
-80020 61362
83401 39420
52988 -75642
6333 19428
71318 -74995
88617 -98953
-69001 -54966
32148 -16449
24666 25891
-40078 -29042
32770 83371
-88710 -64765
-46129 -29795
49433 32115
72325 -18306
-20839 55052
-3246 67057
86720 65609
-5631 57222
88453 66379
-53121 34911
-73782 -94814
-24795 27916
31896 37233
-25466 35754
97590 1659
-67149 -13825
32467 95280
73607 -98429
-66339 64294
41992 40860
-63138 -8333
40913 -75909
-59436 -54436
93908 -28552
-40288 -26363
-69669 -38342
857 55104
9846 65764
-28643 11831
-51673 54397
15507 -27257
-48312 -30494
-62018 42073
-80234 36897
-97635 -67207
-63677 -48503
-25615 -9866
6920 -64798
-82722 77228
76697 57878
-40351 -17152
-6702 -65403
99044 -82068
59771 55651
49497 -53812
-31315 -30830
-73439 -46593
-1458 -35867
-43728 17907
95695 2977
-74826 3975
43571 76952
-8793 69583
92948 47913
-99445 -66698
93646 72407
-13146 -55938
-44925 91877
-70889 -89398
3589 74718
20435 -17411
82426 80692
-39795 -92879
-36686 66368
94918 30570
-94986 40142
77591 -84780
-53927 82156
-54481 71959
44029 45932
-32143 -93433
-98203 -6006
-73471 5012
84747 -36534
64740 -78785
14398 63045
-9726 37154
75408 -46411
-58412 6687
-77655 -52865
20345 59587
-12292 -92474
-31617 70643
74318 -84501
84796 27842
-90961 59400
54374 26281
22098 -23773
-15092 -74970
3910 -94130
-39618 -43064
6185 -73988
75653 -1948
79069 27330
23998 34209
-29842 -50077
6555 38190
84152 45969
-51497 -8181
-78297 33613
-12268 62016
-65336 -57651
92368 -84301
-96105 -45173
51539 -45378
15799 -64766
12725 -52707
85444 -62215
-63218 42347
3753 6854
-55101 -64863
-65428 62290
-4445 871
49395 -42424
-3642 -80442
80291 64552
94921 7149
84919 -45098
45549 40305
36594 -28993
56101 46900
-53640 -48020
-15817 58692
-38019 86972
20381 66594
-66012 -64343
-35584 -31209
47002 11749
26906 -6397
-75513 37824
-46037 6554
-44647 -59876
-39484 -51602
44572 -62093
-54390 -48810
-76108 -65464
-8488 -78319
-44172 61841
44433 47815
-52008 70657
-23881 98061
73116 -69465
-28763 39897
16260 -65150
-58330 -75050
-15639 28987
-60494 59051
-39019 16179
-81218 -71080
30962 -59797
-71671 -10230
56396 89475
2446 81646
-81370 -66881
-61053 71756
54806 -7017
-85802 -66964
90567 -29590
74657 -51983
-10047 -50652
-97848 46838
72308 -22398
65170 -89163
99164 -5394
-774 -82429
54491 -80840
-10358 -84349
-73631 -60385
-2946 -51520
81679 1261
-25056 92845
-34836 -53155
1104 -77261
80725 61402
-69701 20872
68901 58614
-43728 2115
64282 -14343
75121 55583
30214 65221
83531 79694
-80324 37734
-55016 78253
45781 39008
-2307 15686
-6006 45929
-85232 -87648
96997 -10166
-34833 86555
-87910 -73029
-77805 -10180
-91122 -92543
6471 -64771
95166 79661
-69219 1526
-45910 71075
41130 -74870
84383 93325
-47588 65814
-28606 83383
41878 -66426
55445 62985
-32411 3593
-72525 43222
-24961 41525
-52022 -57555
-93659 -78731
13902 -18516
12973 27757
73772 52487
6320 -77998
37970 -58934
69344 -29852
58957 54013
-56105 -40767
4829 -24034
73764 -86820
39944 19154
87539 -29133
40288 -58706
28680 5846
-32681 -90959
19505 92635
77054 -57258
90919 72833
-18218 47513
-93195 85132
-63648 21296
-35853 63077
64499 -18526
61249 30877
28568 6038
12119 -407
97624 29275
74336 -47348
-22214 -69988
-6968 -68708
99067 -35368
73971 60007
92582 13776
-35547 -16097
79108 28790
-44697 -62917
84166 68981
6609 6265
72242 90248
-12825 81516
-31853 -53554
87787 55713
83913 45387
50360 33607
48753 28309
-76168 -38906
-46696 48127
-87629 -71452
-68173 8463
-18239 -29115
-73219 -47443
39019 78980
-61769 -74143
-87522 -61985
82652 58807
5267 -5962
-83570 -79785
68160 -97305
-16482 -45446
92553 -84877
-95242 -51140
-57642 69070
-40640 42418
31940 -20661
-34803 -346
-30431 36533
2293 69030
51229 -45384
-31414 41437
80765 -10475
25385 14836
20391 21800
22912 -57327
51683 -32034
67681 -79766
-39700 -98032
-21251 9752
-96458 -6582
-86489 34618
-51712 -98328
97965 3641
18873 73517
-37103 -76067
92410 -59497
-22532 91753
-11909 66182
22635 -11890
64458 39202
59808 -86002
-12234 -13690
66513 -21226
-16053 60995
88048 -92639
-29235 37747
44217 -73913
-92000 -73506
-94145 -68848
82136 -70302
-55184 82509
73612 -75148
-53920 -66013
-89123 6339
10200 12634
-96625 -10372
55049 -21316
41535 60287
21019 82872
93752 -6432
68534 27596
-64028 20810
-34252 -79343
26838 -28549
-59824 21925
-86082 -46892
-15777 -99157
19278 -74759
84183 5079
-70299 84361
-37530 -60614
-20285 37934
51709 -28584
-69404 73240
75640 86481
20876 3738
61582 -62692
87364 -46945
72718 -11387
54574 49305
-28540 -40616
-97450 18052
20610 -73679
45975 28611
29360 33626
3696 -1982
30839 -46763
67832 -73834
18769 62216
70188 25647
33459 95525
7661 84196
-38842 -92933
63047 -63965
6456 60968
90653 40368
61119 7676
66719 -93487
71679 -29768
11259 -65966
38105 -30441
-44898 -98848
1388 58850
-84439 56740
58393 -96731
-78467 18511
-56784 -55156
50528 -10336
-82672 -74903
49282 -3834
-18694 10421
-14891 56260
65595 -13979
-77600 17320
-75553 29794
22843 1478
26267 57402
21857 -57493
-83626 -85602
76029 10123
24882 -28198
41205 -89168
-37080 -37835
-33981 -73207
-38856 33540
-29276 -66503
-65751 81918
62627 -46605
16144 11483
29334 -62250
-65337 87449
-35147 -81779
-79005 91143
65892 5762
96811 75488
86805 38139
30649 -10488
12363 13172
63395 -47875
81114 82531
-23777 -24105
-87349 -60331
90258 -41243
6171 -10827
-88126 31999
36375 -55032
7641 -54664
-21935 -5761
-26194 11496
-69677 -26567
38562 28628
83576 50305
-27408 20796
16969 -13531
81331 48573
-23940 70290
48233 -6992
98017 -1439
5130 -99617
-26859 90348
-62325 49334
27361 -94864
-86040 32119
28010 83875
34357 88460
91342 29908
-10406 80466
-79463 -60918
95789 15394
-52559 30448
-51232 -9568
97610 -12143
59892 53108
-52206 -77278
38251 -36693
-65405 1752
-72064 -35750
44959 -41689
84444 9962
-77301 62624
-86661 -99697
-16619 -78764
23003 -97576
-3964 -3083
28250 -70759
-92054 46249
-33456 -97109
99070 -75866
9944 -82973
-47142 29398
37847 322
-17669 12081
-70308 88518
52836 -85535
-50388 88061
-98693 81146
18854 -99458
-44459 76678
-76884 -35727
-34818 -80815
-5048 24906
-54629 -2836
-21807 50884
96677 79886
37816 31788
36177 -31681
86727 -73171
-99995 17886
-35407 87462
7968 -97654
-64518 -21636
13984 93530
94763 81169
13157 -9592
-68977 -80651
97292 28600
42784 -81411
-65784 -55777
-82067 73993
-36344 23905
76861 86483
-20588 -48736
10877 94920
-83005 99476
548 -37381
4120 -25051
-94640 16295
-67286 -24172
-19158 -45228
-83780 39153
75855 -72699
-54112 77838
-80943 -51051
91866 84052
90382 -6837
40751 -67394
-64119 96011
-63860 80466
-90167 41307
-59515 99162
-69556 66974
48060 65538
-77136 2893
-37543 -29973
13003 93064
-27838 -86152
89150 96923
95052 89049
-70084 82812
-81925 4452
49710 39974
36888 -66986
50544 -24761
-60860 60985
-16064 7610
49314 -11740
-54239 -87731
-78519 61863
-30131 -39443
-10136 -30428
-62892 80524
36720 -34638
-64136 36810
30735 81026
92966 38449
17174 -99404
-96718 8230
-47869 -97400
-63219 -94252
73117 -42008
-85024 -66731
91737 -64434
-87483 80138
33476 34981
-74965 76382
-36962 -39798
9125 75410
8755 -70110
-39350 -31022
21129 42856
15234 92870
68875 99233
-34425 980
31880 3353
-12260 4104
34028 81619
-70092 -62241
-21222 -72250
79449 9035
-80753 74072
-59108 -66522
73321 -36884
42968 64808
-91772 42900
83929 24237
-3122 -75455
-88245 46767
99208 20920
-8810 -57905
-19686 -8177
8059 -37106
33242 91546
-5194 73967
72348 -62594
-14437 -25226
9587 -60550
13235 27835
33294 3615
31561 27569
-31075 -60103
-84047 32304
-60102 -78530
-67009 6913
82739 49514
-77463 -97430
1466 39394
-14811 94061
29003 -62566
19794 -66506
-662 67032
28608 -98813
67889 64715
-65739 -89151
-95459 37907
23140 20991
40230 -88643
12791 99379
54066 11976
-80392 -39268
67663 -84041
80224 89312
47084 56634
-59750 30858
-89898 -13649
-96925 96542
-84759 -59003
47140 47890
7761 24931
-93966 -58171
85416 42655
63270 67614
18731 98946
97945 -49173
69989 7341
30232 39717
-89069 46913
29984 50623
77775 53982
14953 -90253
-98325 -25638
10590 280
19369 46878
-58408 20130
67801 36097
-10868 -97427
21489 -25653
89242 34020
69751 -71167
42346 70894
-15744 69313
-25329 -66575
-45768 -99795
-54196 32046
-92558 19689
-26841 -76148
-95570 -49152
-36740 -10819
40644 92284
67531 36403
-88710 -33990
42296 -72222
-26466 87482
-27227 -67554
72479 -93128
-25523 37439
-26549 41858
67673 -2161
-69400 20783
-57308 48073
-40340 63314
96011 17792
91017 82775
-49307 37835
-40461 -98749
22370 67887
97956 67340
-4968 30183
-52931 89099
28433 -9283
-37006 -24297
-2206 6933
-32939 42628
3455 72578
-66529 1001
-60168 -94492
-36667 -43759
38263 72770
9558 40010
23618 -51468
-31782 27004
24852 -28680
-76859 -15075
54164 -9099
-38834 98757
-14249 6622
62241 -94292
23975 20551
-68833 81760
-31310 29801
86981 -44368
1021 34074
320 14873
-82192 -34113
62029 31838
28296 -80134
76007 -38151
9156 -54673
-16090 -61578
18051 94565
-66037 -54320
36773 -82931
71256 32059
20404 98337
24393 66227
-44201 73306
-51109 19498
-82631 -27586
-36820 69845
-65416 66215
-7059 73513
-85951 -24173
-34896 -10797
-41538 62868
-48947 -22118
-53636 61375
-50562 -12868
-58674 -29507
-51386 18415
67788 -44528
-84675 69343
99841 34393
-37451 11522
80775 -42533
58408 -49252
35941 -12534
77032 95618
-64724 20770
-54430 69047
80927 69380
-42716 -77162
60928 -95457
-45122 -26808
-37160 17508
39624 64852
-80989 -90499
-41842 -50070
4713 47041
31169 97121
3079 -77070
-52752 99793
78807 20775
-22392 14826
40697 -10579
6601 -65131
-39167 -81177
52152 -84383
-74696 3005
-18325 -61357
2144 -53322
23085 66982
72670 7074
-79690 5237
-54534 -17624
-89524 34833
-99810 69559
-24835 -65421
82658 -79677
-89913 75935
58120 83325
40655 25904
-26559 -31304
-3073 38277
33103 87489
65691 -58897
70733 60584
45745 68154
-92631 28125
24114 -71401
51841 15906
-10212 60319
-96396 -79516
-94965 -73615
61588 -82515
-71659 94022
12231 -20579
87941 27633
61518 22092
98414 55262
30112 90397
20883 -5146
5455 -48244
-8602 6892
60266 -28245
-342 43830
89559 -82374
42532 -24535
-82817 -43598
-50256 -53052
70511 82696
-31003 66197
-78369 30034
-55841 -45776
-33194 -82002
-32942 85147
-76254 89926
71899 15093
15694 -25110
99339 96368
-1685 13726
-59942 56648
-3701 -41025
-82893 -94352
26185 9882
37024 -77860
-99598 49620
83188 -62950
-1315 -97000
93004 79034
89007 95386
-45949 -42160
-44640 -86817
-75521 67861
61125 -58228
45495 64630
-15761 -2777
-30293 44664
-78271 -34373
-83415 -30337
-50478 -91856
-19009 70472
43338 84069
-51732 67583
-34338 78591
-83445 55594
32900 -63982
-24270 -25258
56707 -1152
-29773 92952
5490 -40245
-12469 -76832
69620 -44180
15851 -91246
-34548 24608
61112 9754
-58546 -71413
-5453 78614
12451 32125
-55514 -2374
-13941 31671
2099 77160
-30155 78117
90112 4882
-6623 -39593
-27528 -61475
-84624 37402
28320 43915
43592 -27127
-54371 -49075
-63732 92874
-10963 -25347
35192 15824
6611 -72818
-96789 -73604
87956 41891
49043 78560
74898 -37425
56108 -76416
64369 -17004
31677 -85507
-17513 22802
-39440 93340
-25314 -78711
1959 18738
-92546 -53249
82239 -35679
80073 34057
75870 85798
-77030 -79432
-30289 -13379
-77933 86595
-37081 11852
99198 88921
71176 93240
-26445 10686
68769 40494
-4453 87856
-48324 67330
78744 -97388
53171 65639
91037 -53313
82342 -45138
97330 75955
-18747 -99464
-77715 90041
33088 -8021
30037 11640
-22103 92227
-65242 37582
-92297 48746
3125 -47691
-58418 9872
79974 33535
-66799 19467
29302 46664
-97454 6383
9778 -83046
-48322 97880
-29084 49535
-22345 -41906
-20077 -64333
-91193 -41396
27595 -2019
-94174 6653
-91613 32903
-66333 -64852
66445 -96389
-92324 -96167
-66380 -64478
3162 -55906
69368 41714
-45679 10362
-36812 8222
-26789 70248
97264 94370
16129 -5674
38989 10470
11674 -90080
-64338 28517
79539 41165
88519 -10894
-26069 -68683
-64591 -72005
-99220 57771
-74327 -74676
-65140 5143
81354 -46228
25488 -33478
90676 53826
-38162 -52010
70799 58015
-81987 -10406
46532 -350
-89008 17219
-84535 70117
98005 99212
-48566 -70041
56165 -86758
24317 48363
-22453 -67011
60930 25533
-5295 37131
54195 -85688
17897 94417
73217 86411
-30722 -46245
-92118 81735
86442 89422
65954 90921
95030 -96684
-51926 80821
3246 -70812
-5435 -46321
-67760 65522
81955 97811
36049 -57109
13799 7083
48267 25900
75149 86474
-96051 13177
21309 -97360
-49295 44547
-44680 -69038
-81263 61089
-43611 -67583
-63275 -53536
60162 89628
-20877 36577
-75212 -79569
41275 87072
-26667 -40552
-55652 27216
74194 97799
2420 -73459
-36727 -65472
-63179 -54782
30389 41574
30586 -50525
-41687 37654
-30125 28498
-52802 53066
85263 91598
43035 -71988
75771 571
5321 30057
-70534 121
-22711 -98044
37763 -84733
-72944 23899
70952 -32134
-96388 -61450
-32761 25691
45617 -11477
44904 41877
63973 -47570
-91646 38361
-88112 4741
657 60402
-15050 88263
-60581 -65718
-3216 59553
-31003 -85369
57512 49018
1925 64510
66190 40454
-42491 -46417
63501 -56759
49051 85692
-83774 49101
-61156 14213
-76044 -61
94304 -21101
98169 47074
27689 46889
59568 35241
42810 25206
67346 94726
-71596 55673
-64400 -72702
713 -65130
-7902 25473
95015 -44147
83792 -60581
60152 37112
68701 -6339
-79207 53429
-16377 98706
39481 -80651
-68858 84810
-33082 92577
-40371 -18417
-6751 -10835
-72919 -71844
23423 -31055
-38709 25097
-6504 -22463
-76288 18555
95852 20614
-17409 -29532
-69059 -99393
93032 66452
81894 -5188
51069 -66883
36898 87868
-12975 -81402
16145 -45076
66687 81484
-24862 -61754
-38200 352
-33086 51645
77791 -57769
48243 50652
37198 65273
-72134 70802
-23228 -48838
-97676 44695
-25253 -29744
8363 72522
79999 -77379
17614 -61589
-74462 -77491
26314 -33049
35065 33841
-93925 -11848
-17669 24049
67329 58645
46464 -54517
-95841 -73188
47426 -56612
46146 69410
20989 -64532
47257 -77913
46248 -65320
-19782 56930
6069 43526
20960 20663
-20349 25496
-94955 18440
-7876 91154
17554 -68952
77093 -51141
-84716 17149
53076 -14084
71603 8147
-76860 94393
82237 67995
-14341 -98120
9951 91381
61119 -26843
-88248 5491
65044 -72214
61516 -503
41650 49879
-66488 -99251
-96175 -24990
-77444 -89160
88578 -65401
-43793 -88731
5012 -39643
11438 -39166
58910 59177
-7591 73475
-41573 -38194
-2028 68019
-91131 -84631
-66252 -84929
-35684 2922
-85936 -91360
23461 57749
74567 85169
16213 57598
-52276 30902
14080 77219
-62626 -84454
-16686 99379
-30845 -76099
18113 79995
54585 -61575
-52754 -14409
2138 -85559
48515 5056
75177 -87296
34769 93669
-49875 59111
-26820 -33255
65636 52574
43668 75054
-14559 49593
99682 -13109
55418 -42295
-44733 20692
-10263 38466
-94012 69848
-62902 92932
-69573 -21225
23385 74182
-38453 38022
-67116 -27147
1486 27373
68138 89178
-46838 -63693
66563 25685
74376 22516
38972 -2064
18896 -59034
31963 -61624
-63980 -72143
-45671 -65831
29117 -61733
-85311 -85325
55570 48936
55330 -36542
-39577 48219
-57881 -15628
3293 -77652
44492 64017
-30000 -64595
-98544 24564
58039 78335
98728 -76608
-49156 36781
-98599 89625
80482 95597
26710 50231
-36928 47324
-77485 79204
-49936 80566
69393 90996
-44706 85693
91577 -99359
-89350 79818
-29204 11939
56305 57340
19830 -58979
30670 -50399
55132 -17959
-5469 33502
7772 -72448
17122 -28428
-89878 85139
14925 21841
10847 67878
12118 -98202
-75780 -30834
33597 -94149
-29382 -18997
-20306 -7590
-5903 54117
61778 -72725
5896 12760
-94642 61036
9209 9640
-88573 -51022
24008 -92180
-16005 -28312
28044 71507
-12938 12444
-52528 68
56594 -22331
-40380 58643
-38363 78183
27324 -63369
-95685 49741
-89682 -72780
51677 57289
44085 52730
-4391 87078
12612 44601
11029 -80760
98733 18329
664 -94072
92105 -14373
3026 57242
52090 -72757
-1228 34603
-16174 -72998
-94524 82877
10474 -27903
-27195 -79413
-47172 -72980
-13833 -25338
-14773 -84899
-50283 -5999
-48473 95446
-7884 88430
24193 -39418
-32333 -44052
14319 31029
-79652 -86288
-17411 76112
15942 -24436
-50729 -92382
96312 47446
-15155 41157
75761 85581
-36348 86168
37786 51830
20002 70406
63600 -87560
71098 -3580
-42256 71775
-98145 84274
34102 64594
55768 -64929
72449 37561
-16212 57726
86221 -47694
19448 97706
72685 61812
94166 -76334
79385 -19387
83352 -17067
-25358 -22331
-51012 57563
-88682 51789
-49569 -37109
-52591 56917
-98160 14312
66176 51679
4881 62998
-41707 -51264
8596 -94918
-94689 1151
17048 98881
-65970 42638
-32151 85220
-9105 24593
-8177 25407
36004 -70623
-36061 -71408
-67017 -81814
584 74949
-67682 -18244
-70306 96007
2935 -58758
18564 48228
-450 -87002
-85076 23226
-15138 -15343
33537 72443
-80816 -38480
39224 -11228
58864 -40516
-97310 29516
77922 25659
35543 -23498
-96430 1263
3381 50764
95517 19083
-36699 -77214
45468 64813
97869 -45118
35105 -49191
-25141 -70296
-85826 67284
67578 -4326
58235 -79842
6269 -33678
17550 -52793
-41116 -74139
-99815 -45472
-91593 -26755
76355 -43630
23685 -2790
72271 -2442
49717 -73021
-89531 94619
87979 -23090
91280 -71670
-54358 41749
-53089 65144
-36762 -69505
87426 83772
-66691 -3595
30537 41834
38497 3208
96021 -84991
85541 -30411
50526 -9427
72802 -47265
63731 -25156
46489 -95276
-64223 -22255
50821 -73857
75841 10269
72131 -29351
28709 7668
23184 -25605
-71693 -26033
-31786 14330
-22935 -96556
-82684 76409
-8859 -71682
-46653 28891
51107 78676
-3600 -85356
90822 -57440
37685 5750
90338 -92075
17033 45036
8784 99813
-95442 39149
-7664 71891
87908 -17821
77190 -76847
-1884 -45032
81577 45535
-77046 96483
-37826 64816
60647 83361
44540 -38664
84067 16696
72264 -37109
-37510 40738
82921 -73696
8687 60855
-3223 68545
-35357 -94784
-96446 -82177
49977 90498
62035 -8958
14252 62354
-38965 97995
13936 78546
-3733 49874
36310 21684
-2388 -69483
37085 70448
43996 1970
1578 -33476
83957 4624
10381 -44728
-65364 -12633
75792 62677
-38952 88002
89092 19071
-38716 -54736
73851 -60561
74885 -61144
-21462 -63407
-62424 -16031
-54968 -41483
23244 92325
72622 68665
-99432 -23305
69991 91169
-86443 9142
-86296 99297
77466 126
-78017 -15968
-94608 -54169
-33130 22901
91493 -17869
89306 34764
-60740 -11663
-63924 -11759
45819 66171
56194 50794
12838 80177
63132 -65597
-85520 33999
39161 86974
85271 59199
-96944 -39161
-43720 -51037
2276 99070
-76930 19517
11179 -82864
95644 -23583
-23880 77395
7610 80850
-12304 -387
-2921 40416
-80986 -44954
-75819 31129
32497 -1266
31569 43864
-7897 64198
62019 57972
-65614 19555
86894 10095
52388 2698
-26397 42629
-61048 -478
-48813 79488
56849 -96090
-91196 -20702
-6979 -81994
86153 -3224
-46631 -80494
-75758 6549
23418 -12724
-72247 97979
77287 67942
-46899 32446
-5023 57564
9464 -90921
-71746 -78268
-16621 97190
-61754 70710
53419 9508
49221 -71760
-36122 -39125
-84192 -80359
-80848 54330
5373 -64594
99808 -87254
93929 89927
82654 -48805
-23522 9467
22804 -46442
-35857 16123
49745 16653
-17945 -19065
95696 -39379
-74527 95907
82522 46019
-99163 -24611
-5171 -76057
93700 -21414
27384 47305
-15548 -24407
-27601 66417
-85313 93025
23024 83948
32566 -15821
-51243 78239
86327 -43225
-49544 27128
-14098 -2085
80579 32686
-47302 -41069
-83145 30333
-80536 -80511
73049 -28832
-26173 39220
-49027 92303
-35792 -97825
-48004 98312
-49471 33233
40398 -19527
94344 -55573
73626 -29053
37202 -18613
39150 -46692
2045 -89014
60082 -16838
19060 70125
85319 -23670
62417 85295
-7183 13685
-79527 -92016
17022 -62602
-56295 82118
-31217 -45746
-15759 -12251
-49188 -20201
-66272 -96746
-12156 -3060
-6645 60461
-99247 38265
-89937 18979
-48636 80723
-73364 -8572
53803 -39293
-81910 69410
-99686 -29990
-18641 67066
36085 14397
92614 97776
62129 -53483
16126 -21688
8261 -63062
-74224 79557
-93290 -85333
16407 4684
-35545 16855
66511 72855
-87127 -88817
-28061 72630
80434 92738
-53501 -29301
17116 -48863
3620 -61741
-87815 -77684
56482 97627
-28580 8880
-37449 -69352
-20686 60472
94418 64640
-65113 -73280
76484 69281
53919 -57321
-33295 -91146
-9120 -30616
-34416 33605
-12238 -14387
-60497 -25237
-49397 -32396
-18605 -76675
14286 18364
-6037 -739
-53414 47780
33773 -47898
-17792 -65933
-57798 -91349
-8121 -259
13174 -88341
36696 -37419
14332 83279
75000 -27386
-83679 -28804
26897 64525
30712 -15663
-80266 -80454
54125 -32557
85266 39707
-55347 -48158
89433 79732
57922 49567
-75860 -9091
-26911 -59809
43215 49514
11425 -96167
-69795 -13145
21338 19217
-43790 66395
-56704 -45454
-29313 59445
25338 32509
9149 -71938
7623 24193
77857 -56195
48121 -23148
94812 -13971
13035 14790
94148 -43603
78863 -44471
50930 -89587
-3870 32065
67299 25568
-52272 5856
66388 -24037
13753 -30006
-14325 -37886
-44565 -3175
36739 83767
30298 -12446
-34779 3936
-72578 -61893
-40575 -9343
-53012 61813
43302 -66606
5665 85712
-80201 -18032
20905 12085
81916 75193
31080 -89639
33900 89005
38429 -57746
-13960 -37081
67525 22068
81558 97501
30828 -95705
-73965 -84149
93378 -51950
-85004 -25219
16837 -14203
-27760 -46368
-45015 -8587
-75564 43249
93432 -43380
-65224 54628
32598 -90157
-94170 -10686
-69677 -15648
26315 -7845
87016 4918
-16363 94425
-2706 -72245
25318 3562
24933 -15088
11416 97190
68358 -20689
-4809 71168
-81357 53793
82992 22527
-32725 62435
-835 -26432
-13252 -28734
-49939 49662
80310 -33966
77040 -38942
-41861 -93041
-90603 84424
-34487 -45289
99790 -78796
-10336 36064
-23367 -51325
83804 29816
25421 54355
84398 -1575
30076 42204
99892 -38771
-95897 -10513
-67939 -21246
25638 73020
53895 -82821
6653 -2760
35476 79064
39889 -63110
72262 24611
-46481 3008
5110 85109
6754 47167
84671 31165
24233 -80977
91475 80705
83882 14422
64765 95534
45853 -40099
-71220 -88031
-32815 64878
-36213 88989
-33630 -14070
-81502 -87087
-15941 51171
-5250 -46078
81771 10938
45078 -64038
-17450 49640
27612 -95614
56865 -97987
-73891 -90797
-15001 70512
-38024 23993
62363 64237
-58083 -78372
1712 -71885
-92529 -60436
-19247 -89671
-21343 -92695
-61475 -4475
-84932 -11384
29380 6326
93894 72502
-14586 -4846
34923 41320
22427 -64748
-30924 74260
-78255 -71612
-34729 64297
-88784 -40778
74928 -78904
43397 -49377
-82227 78992
-1800 61169
48296 -98409
-93578 60099
82604 -24402
76734 69374
60743 -62318
-64500 7528
22965 91685
-70654 -1082
-73582 37999
94924 51589
40343 87038
-78492 -70599
-5256 3314
-79056 -85694
-17195 53608
1880 40567
92856 -49722
61844 16959
-70516 79132
14007 46790
-36288 -29768
31218 29560
56351 97500
-84931 -98210
-32713 -11674
56782 61302
-2471 -29091
754 -35917
75027 69217
-52127 62375
-38078 -87084
48064 50989
-10401 -45415
-24057 -41268
84569 -85631
-3845 -24494
-59899 51932
47718 -36434
35022 -36494
10941 -90609
-86779 -77378
7742 -6481
-14503 37787
-75013 -73827
25702 31301
24439 -47823
79429 -57306
-27039 -1466
82532 16283
-41060 76547
-31069 79426
-29968 -84400
43513 88246
-49768 26653
53470 -28785
-43273 -80857
-99146 73377
40959 75635
-26779 -86824
-65698 99013
-81498 -67552
69366 69093
-10034 53553
10487 33522
92062 5386
94693 72099
27292 -40828
99816 71883
-74810 38956
-54945 -62406
-71754 76818
-445 -24288
23782 54479
-79112 -14350
99360 -74475
83923 54716
3231 -50535
1093 45
-86198 99211
-87940 27478
39416 7151
-47462 -23480
-22039 34148
-22343 11894
-3954 33494
24887 -37104
34400 -56752
80402 -69240
71784 -65425
-32064 55911
-33708 51202
32142 90843
35561 -9662
43727 95438
-465 22954
42644 -20500
318 90779
-27194 -31146
38695 22702
76182 40280
-43173 -75092
75238 81346
31393 1182
19918 -7742
-87930 48821
-81936 -24391
26017 -50953
-61898 -71149
93176 -74029
-58217 52986
84433 -89031
-12411 71486
-51527 -83580
56215 26419
-17969 -13913
83253 -11226
20695 9405
-44045 28586
-25598 1716
-12426 96846
-37405 -81433
69491 -1433
-7539 -53500
-28394 -25059
51238 59587
-58103 15384
31867 -69091
-12430 -18476
72060 -11315
-28208 75031
-40499 -84075
-36915 -27815
-95133 -53199
-5478 63166
48785 -68922
-78768 18673
-66733 -80434
-37286 -77894
17290 -99290
-41863 98544
4567 -45394
11145 -33
-20461 44481
-73294 56581
-10382 29406
-7219 62599
-84896 41769
-26133 -51924
-22116 63532
-39500 41306
50593 3323
-22319 -58912
43080 -94414
-92291 34343
-53133 913
-68434 92982
-1 79248
-7038 29880
-53772 23058
22755 97537
-72535 95219
76980 81228
-29062 -54250
-54242 -149
-88874 -63974
-73635 29843
-89912 18978
8603 77927
22818 68871
-92216 -87354
8248 -45343
62250 1517
-25565 -60462
-77035 -98343
40245 34879
-46478 -62461
-91392 -53604
2232 68624
-49217 -13616
53499 71137
88541 4887
50639 -34444
-62062 -75659
-35097 -8784
-40763 77394
69350 84613
-97477 29789
17261 33216
81999 41618
95892 -30141
75371 34961
