6 3 5 10
66.8 45.7
53.9 49.8
73.7 43.3
65.8 15.7
45.4 56.65
72.7 73.3
83.6 30.9
52.3 53.1
36.9 52.4
29.8 57.6
79.3 55.2
33.4 84.6
9233.5 -8915.4
249.7 8730.7
-2191.6 -4530.9
3154.0 -6484.3
9882.7 -355.2
-1156.7 5436.7
7522.7 4550.1
6997.7 9134.2
3837.2 -8944.9
2817.6 7576.8
-3154.6 -5478.1
-6520.7 -9294.6
-709.2 -3295.6
2011.6 -3294.2
-8437.6 7813.4
5656.5 8087.4
5156.4 -3657.2
-784.6 5416.4
4447.3 2176.8
-3868.4 -6613.0
4074.8 7389.6
2706.6 -2678.9
-6768.1 -2539.6
-2650.2 -5742.7
2657.3 -6659.6
6058.5 1886.4
-2644.6 -6781.2
-8315.1 -3887.5
7700.2 -9479.6
7086.3 7208.8
-6285.0 -7250.1
-8026.6 2376.3
5134.1 -2027.4
-8963.4 3940.6
-8521.5 2320.2
-4117.5 -919.7
-2449.0 4627.6
-7792.4 1637.0
9619.1 1670.3
-8267.2 6708.7
5240.5 -2724.8
-377.2 7552.3
-9375.7 9328.2
5690.3 6412.4
-4459.0 4550.9
-2701.1 9282.2
-9931.6 -3169.1
-1419.9 -247.5
3378.1 -920.7
6269.4 -7808.2
-7588.6 -9054.2
-283.1 1975.5
8275.7 4391.8
5046.4 7828.6
9739.3 7007.7
-5604.5 7148.9
-8580.8 -3647.4
7719.6 -4435.5
-7994.1 8706.8
8906.3 4942.4
-7089.4 9784.3
189.6 2403.4
9559.1 -9198.3
-3540.4 -5068.5
9524.7 -5118.0
-8027.9 5610.7
-810.9 8037.6
2613.7 -6072.6
-1733.3 5058.7
5907.0 6203.7
-9048.7 9042.6
-9170.3 -3696.5
-4785.3 3284.4
6426.6 -6110.5
6707.0 -7720.0
1701.1 6983.0
3747.8 -6974.7
-1478.0 6006.5
2488.8 -1258.8
3013.2 3903.8
8371.0 -1658.2
9951.4 7585.7
2829.6 1654.2
-1.2 5551.5
1768.0 6558.7
-1039.7 -7099.7
-6918.3 -5129.5
9414.8 7037.6
1329.7 -1828.2
6197.0 -4885.7
-2168.4 243.8
8287.2 -9488.6
-694.6 -3166.3
-9771.8 5764.3
-9369.2 -7472.2
1502.7 -1401.4
1228.1 -3948.3
3521.2 2098.4
-8366.1 -1437.0
5491.4 -192.2
-6392.5 -2538.2
2314.5 -4854.7
3922.5 -2945.6
-2962.5 -6756.0
-161.7 -5423.0
-7123.4 -9247.3
-7099.0 7894.2
6073.6 -6214.3
6425.4 -5270.8
-5185.9 1147.8
563.6 -554.1
-7226.8 6857.3
4468.2 -7635.3
7037.7 5328.1
-7649.0 -5896.2
6272.6 4792.4
4940.3 -1442.0
-1856.8 751.2
-2927.8 -8741.2
709.3 6112.1
-3124.7 5445.9
-953.2 9815.7
3561.9 -4260.0
-3123.9 -7470.0
-8153.2 -9616.0
-1073.4 4606.1
-8757.8 -9839.7
-2927.2 1896.3
-5403.6 -1121.8
-1164.3 6626.4
-5033.6 1211.4
5278.6 4818.8
-2140.1 -6185.0
-5937.0 6885.3
-7493.5 -5399.5
-7846.0 5069.7
-5853.8 7203.0
2495.7 4663.1
4492.3 -7624.6
4200.0 7953.4
7047.1 -5716.1
-2768.9 2099.1
5549.7 8539.5
-9303.3 295.7
-8516.8 -1689.6
484.4 3239.8
-8793.7 -2415.0
6704.5 8494.1
-6508.6 -2415.3
-7577.8 564.0
-5624.3 6807.7
-4574.0 2730.1
-7609.7 -2286.2
-4903.3 1372.2
1988.5 -7597.8
-5430.8 -4365.6
126.5 -1360.5
9443.9 5799.8
-920.9 6387.1
-2465.1 8729.9
-3760.7 9393.4
2785.4 -4435.0
4923.7 -171.6
6155.3 1354.6
2203.4 2931.8
3865.0 2361.9
5523.0 3110.8
4582.4 9392.6
-1583.7 4894.3
-2685.7 -9770.0
-1432.8 6607.4
5223.0 2919.2
-761.8 2884.4
6685.9 -9933.0
9992.6 8056.5
930.5 4035.8
632.4 -206.8
682.7 -8805.2
-6418.1 -667.3
6267.9 -3869.5
-3672.0 8593.2
-6588.5 -5367.0
9017.4 2601.9
-5273.2 -9488.2
1808.4 2650.8
9400.7 -2509.2
3731.0 6632.7
-4445.5 -8479.3
5369.8 -3100.8
-1907.2 5859.1
3352.1 -9288.3
5699.6 3432.0
-2360.1 265.8
7051.7 7959.3
4460.7 7093.6
6860.6 -7135.4
8377.9 -8367.7
-6018.8 -9850.0
5006.5 -1212.2
5931.3 -2228.4
-1985.5 -4856.2
7320.5 3812.3
-7711.4 -2861.5
2578.1 2202.2
-2234.6 -4898.5
4625.4 -7738.6
1174.3 -296.6
-1980.4 -9977.4
-2547.1 3461.2
-5380.8 -5706.0
-6553.2 9579.7
800.1 5804.9
4323.9 4297.0
7177.1 -5911.5
3660.7 -1867.7
-7185.9 532.8
-4738.8 -4644.1
-2857.0 3507.8
-529.7 -8505.2
-9147.5 -1136.0
1086.7 8655.0
-9757.8 6954.8
4422.8 863.6
-5050.2 1496.3
9734.2 1645.1
-8224.3 -566.1
2227.9 -1905.2
8020.3 -2643.6
-4887.3 -3282.7
5283.1 4282.4
-5753.0 -294.5
-3209.1 3341.4
9280.8 1117.0
701.7 -9233.9
1418.1 -5190.9
-6115.7 4183.0
5046.5 -9552.6
-511.0 367.9
-7403.0 7975.0
-5989.9 9781.4
-5876.5 -7875.8
2723.4 3761.1
-100.9 9828.1
3539.5 5280.1
-400.9 6213.5
7707.1 -396.5
-5472.4 -9933.5
-3014.8 -9584.1
-5417.2 -5203.3
5178.0 6066.1
-7810.8 -1306.0
5558.1 -5555.1
-4721.0 1102.1
-5314.3 -3066.8
-1211.0 -890.0
-756.8 350.4
4811.4 8062.8
-2261.3 -988.6
-299.2 -2694.2
4282.3 2288.0
8404.9 3773.5
-7052.8 6025.1
-4316.4 9375.1
-8815.0 8907.5
4906.2 -7882.6
-9334.8 -5504.8
2916.1 -7093.5
-7687.0 -6654.7
-2013.3 -7950.7
-4835.4 822.7
5742.4 4475.7
-2861.9 8892.6
6567.1 9404.7
7082.4 3219.9
1535.0 -2209.0
6490.7 4538.7
-1754.6 -1679.6
-7046.7 -1843.7
2630.2 -7235.2
-6115.2 -2802.3
-1389.6 3981.0
-4596.2 -9572.5
6210.8 -654.5
3402.6 7130.4
-6797.8 1269.4
1723.5 8611.4
2921.1 6245.4
-9962.6 -410.0
-4762.7 1678.6
3364.8 -228.4
9883.1 9559.6
5972.8 5063.3
-5321.8 3304.5
3706.9 1398.0
2550.8 -2030.5
-227.0 -8914.5
9518.2 4394.8
-6775.8 -5402.3
-4099.5 -2120.4
-6509.7 -8926.0
-389.5 -1615.2
7682.3 7972.1
1048.2 7900.1
6863.8 -8547.8
4063.4 -1746.7
-3447.6 -7152.7
-6301.5 356.2
3230.6 -4957.6
5251.1 -1710.4
-1216.1 3770.0
-6879.3 -8718.3
9703.5 6834.0
4251.4 3740.3
-146.8 5941.4
-6843.7 -7088.2
5413.2 3309.9
6503.3 5899.8
1373.9 -6168.5
4835.5 -7788.8
-5067.4 -9554.2
-3942.4 -8987.8
9509.4 9752.5
4456.9 -5561.1
-6655.9 2202.2
6062.5 6980.6
8477.5 -2426.0
-7813.1 -3201.2
8060.4 2643.9
-2401.1 -3835.2
1934.5 2923.7
2945.9 9978.7
3697.0 -9213.5
4921.6 412.6
-4435.0 -2226.1
7801.5 5498.2
-2338.5 -7690.4
7868.4 -4108.3
8457.6 -4920.7
-6393.8 -2228.3
-4645.8 -6309.4
-985.2 -5499.7
9039.1 3193.6
686.9 4696.7
8536.7 3355.1
-6898.4 8896.3
2404.0 1753.8
-5066.1 -676.9
-7373.5 8887.5
-795.8 -7250.3
411.3 7407.7
-3857.6 -1620.9
578.0 1502.1
-1777.7 6424.9
-2842.5 -9724.3
4475.6 -4339.3
-90.2 -2674.8
2706.9 9681.8
2900.2 7400.1
-8760.4 8274.0
-5494.0 1404.6
2863.1 2196.0
4448.7 -4740.8
7467.6 9977.9
-150.3 4587.1
7882.8 -1697.0
-121.2 3361.5
1790.0 9632.2
3443.5 -7844.0
-9454.7 1884.7
5995.9 -3633.5
-1002.9 7260.3
-8648.1 -6574.5
3967.1 3453.3
2270.8 -1113.4
8870.4 -9321.1
-918.4 5338.7
6281.5 1560.6
-1526.7 -7977.7
2695.2 -7276.9
3687.4 -9145.1
-8912.5 -910.2
-4788.3 -8569.5
5832.0 -6358.2
-2458.9 1909.9
7786.8 7485.3
-4275.3 3793.1
-5452.6 6219.2
-582.3 -9710.4
-144.8 -4241.7
4028.0 -5109.0
4026.3 -5920.0
-6348.6 8439.7
8849.0 1090.6
-7184.2 3208.4
-8762.4 -5029.6
-6373.3 -1536.4
-4500.7 -9008.8
1515.4 -3778.4
-9934.3 -569.8
-1639.0 -1378.4
-1952.8 1607.3
-536.3 4005.3
966.0 -4496.9
2689.7 7011.0
1895.3 3085.8
4091.0 -5433.7
5737.4 -1990.6
5239.9 5002.1
8904.3 4742.3
-3596.0 7902.5
6643.4 -8029.8
-494.5 6158.0
-5646.5 -7950.1
-1929.2 -8157.7
-4740.4 -1722.9
8691.6 6480.5
-1889.0 5412.1
3801.3 -9149.1
6529.8 -1868.8
4272.4 -6174.5
8264.1 5907.7
-575.3 -5042.2
-9442.0 -2170.6
3339.1 -7812.6
-3257.1 5765.5
-4496.8 5954.0
2607.6 -2440.5
-103.8 4540.4
-1254.8 7562.2
2116.2 1450.5
9346.1 -1875.1
-7054.7 5282.4
7891.4 -9383.9
-34.2 -735.0
5664.6 6445.1
540.2 6841.5
1004.9 -257.1
-6745.0 7605.4
4630.9 4695.3
3316.3 776.4
9134.2 2542.0
7398.0 2550.8
-2569.6 -3488.7
-1369.8 2737.0
8442.8 -8231.7
-5843.4 835.2
9960.0 6475.3
566.7 -8668.4
-8990.8 -5313.0
7781.1 -9452.4
-7761.2 -1272.4
-2289.2 1195.7
-6171.7 -790.1
4194.9 2224.7
-6741.3 -5307.5
2665.7 -5531.0
7134.1 3413.3
2019.7 -4675.4
-5366.2 6004.8
557.8 4490.6
-9030.7 -5206.0
-5715.0 -1342.5
-7893.3 7428.0
189.9 8099.1
-5985.9 7330.0
8215.5 -5988.9
1246.1 -5933.1
-4983.5 -5683.0
-5237.0 1314.6
1465.0 6644.6
-4282.0 -3652.0
-1057.2 -899.8
3397.0 2061.2
-8538.3 1568.9
4585.0 1762.6
5444.4 -349.4
-14.1 -8186.3
4440.2 4295.9
6588.1 -7910.8
-1.6 -1226.2
5912.9 -5819.4
-3357.1 -5068.5
-8842.1 -2855.9
-5187.6 -5491.5
-3369.3 -7705.9
-9078.8 1570.0
8481.1 7221.1
1378.2 -6144.1
-5021.4 8215.9
3399.6 -9650.6
1238.2 1739.7
-7679.3 -925.5
-686.4 -2017.7
-5585.7 2445.6
5455.9 7112.2
-8419.9 -4616.0
1335.9 6326.2
2309.4 9910.1
-5494.1 1633.8
8493.6 9362.7
-7525.8 6454.1
9033.9 2655.4
386.5 2276.7
4417.3 -1292.4
-626.9 -2586.4
9996.8 4261.9
-2106.6 8242.7
4817.0 4864.1
-3753.6 -9899.0
-8417.7 -8844.6
7336.0 -5162.8
9794.6 -8680.3
-612.1 3643.6
2271.4 6392.3
5820.8 -5178.0
-3824.2 -1496.1
-1902.4 -9520.4
-8133.8 8052.8
4565.1 -1183.9
-9328.3 -3926.2
-1188.2 -172.6
6416.2 -1267.9
7396.8 2719.4
-1673.4 5686.3
-1640.9 -6481.0
7359.4 865.0
-5048.6 3602.2
6713.1 -3948.5
-4370.2 -1534.2
8460.1 -8558.7
8775.8 -2515.2
5954.1 7453.1
8352.4 -4256.3
9349.4 6126.8
1137.3 1213.0
-2495.1 -5875.5
-1411.7 -9661.9
13.2 6007.1
-325.6 -258.4
8982.6 -3417.0
2547.4 -5266.9
-1754.8 -3389.1
6927.7 -2357.9
-4585.9 4335.7
-3455.9 3624.7
7437.7 -2964.5
-5772.8 9823.8
-6643.9 -7492.3
-3896.9 -9245.2
8495.3 7186.1
3886.3 6185.3
-1355.4 -1029.0
-931.1 -7040.4
-4817.6 -1271.6
-325.4 3429.0
357.2 -6996.4
4963.4 6419.0
-9996.1 -8169.0
-3440.5 -5063.6
-6743.4 9307.5
-3433.0 1613.1
-3642.6 -7310.6
-9004.1 -3133.4
1513.0 -7581.5
-1217.9 -7851.2
7075.3 -7426.6
-4318.4 5629.9
1421.6 3231.1
4085.6 -8198.3
7950.9 -5803.4
-1039.7 -5526.1
8940.6 1962.4
8311.6 -3795.2
253.9 -8351.4
-6262.4 2306.7
4529.6 -8912.1
4254.1 2930.0
3170.2 165.0
-7858.3 2852.1
-9874.1 -2173.7
4407.8 -8477.0
6289.4 605.7
6661.1 -8994.0
394.5 -1671.8
-131.1 3864.0
-7887.3 5473.9
-5939.8 8227.4
72.8 7854.0
1077.0 3129.5
1226.2 -441.8
-3483.2 -3969.4
-4756.9 8314.1
1231.5 4216.5
-5997.4 -8225.6
-2541.0 -7149.4
8925.4 6787.1
4373.9 7493.8
-3351.6 7662.3
-3577.4 -7700.8
-9458.4 -9075.1
1395.5 -3823.6
-9959.1 -9777.5
-7428.6 8274.6
2099.5 7836.5
-4940.9 8938.0
6816.6 -8843.3
-4620.4 7424.4
5120.8 9785.9
-203.6 -2094.1
-6858.1 -8890.0
-6841.5 -6943.8
-911.3 -9228.0
-172.7 -717.9
6003.0 1126.2
-8021.0 9588.7
4886.3 9320.0
3308.5 703.9
-2662.1 -3662.3
-5656.0 3295.7
9057.1 -7728.0
7029.2 9262.6
3122.2 -1817.6
1920.0 -4729.7
6903.8 -534.1
-4961.2 66.5
-4901.8 -3842.3
7992.0 6488.0
2120.8 -9344.3
-7879.0 1653.1
6819.2 -2474.1
-4678.4 4242.6
7593.1 4176.0
-7848.7 -9532.6
-6070.1 1838.5
554.2 3755.4
1641.2 6583.0
8524.9 -7889.0
1566.6 8085.1
3942.4 5837.5
-4729.7 625.2
8095.5 4203.7
-1747.5 1414.2
-8466.8 -3903.8
-5269.3 6355.3
-9500.4 3836.1
-5428.4 8086.4
807.0 2158.9
2483.9 7689.1
5418.3 -8657.3
-2800.6 -9067.1
5674.3 4407.0
-2233.2 5334.8
5261.8 1856.7
-8178.3 -3462.6
5563.3 1187.5
-1860.3 8973.1
3893.7 -3931.4
4812.4 -9059.2
-2627.6 -2055.5
-1282.7 3078.5
5082.0 788.1
-9427.9 6247.2
-5341.0 6663.0
-3850.1 5711.0
4426.6 1465.1
-5998.7 -9258.9
-7864.6 9232.5
-4597.7 -6904.2
-4314.4 4107.7
-247.6 46.0
9670.9 -296.3
-3864.9 -5559.7
-9894.4 156.9
5204.4 50.1
1060.0 819.6
-8185.4 8072.3
-7827.9 9270.1
-820.0 -6208.4
9356.0 4286.1
7927.8 -4962.4
-9582.6 8237.5
-14.8 -649.8
-8008.8 -2309.8
5736.8 -1697.8
-9813.7 -3944.9
-3196.3 9061.5
-5883.0 -2575.7
7190.2 2468.7
-7756.2 -5406.4
4403.8 6838.5
1683.3 5380.1
8452.9 -8174.0
6517.1 7472.4
-128.1 -7885.1
-2725.9 3681.4
-5128.4 2807.8
-2639.6 -7332.1
541.1 -5655.9
4261.7 7899.0
-1392.6 4340.7
-5746.1 -317.4
-2495.7 -2063.8
7911.2 -1335.3
-3332.6 -2841.0
-3295.1 9372.7
-5977.2 5387.6
-9942.9 7818.8
-6331.9 6019.3
810.1 -2053.8
-1468.7 -9156.1
4185.9 2526.6
-758.3 -995.1
1318.5 4954.2
1216.7 3117.5
636.5 -4359.4
-7006.3 -7068.4
2219.5 -4736.5
-5205.5 -7500.9
-9199.3 -1133.8
6948.2 -6542.0
-3199.3 -9197.2
8705.1 -1216.8
-116.8 -8401.1
-1443.5 108.6
5721.0 -8137.2
-3747.4 -6782.3
-147.4 3471.7
7137.1 7783.1
-741.4 5717.5
329.7 9395.4
1341.7 -7859.4
3914.0 7778.4
5022.5 7362.5
-2328.7 -9069.3
-2604.4 4792.0
-5700.1 -6960.5
-9706.9 -1453.5
1383.8 6202.3
-6836.1 2323.7
4602.4 -1065.6
78.8 6541.1
-634.1 -7969.9
-5536.9 4542.4
4434.9 1546.9
-7574.6 -5113.7
2003.2 4530.8
-8240.5 -9035.1
-915.4 -9958.0
9096.7 -3023.3
-8588.1 -3116.9
225.1 9207.3
223.1 -6447.8
3173.7 2104.8
9456.5 4576.7
3503.7 3154.7
-1069.9 -1658.5
-8189.6 9652.5
-3563.4 1064.4
5619.4 -2653.4
-8883.9 7397.2
-1969.5 4011.9
2950.8 -2755.9
-3643.2 -6436.5
9940.5 1055.6
9815.0 -1684.0
1106.6 -2945.3
-5054.1 4375.2
-172.6 -7099.4
-7551.1 -4328.7
2123.0 3763.1
-9289.0 -3435.1
2844.0 7557.5
-9561.5 -8639.0
840.2 9235.6
1050.7 -3700.3
-573.9 -3997.2
-2714.3 3537.0
1058.1 -7129.2
-1112.4 -1478.7
-2329.5 3031.1
5861.5 7140.9
-1195.9 -3981.1
255.9 647.1
6391.7 4850.6
-1852.7 4647.4
12.7 44.3
4398.3 -5130.2
3205.4 -1259.5
171.1 5485.4
7966.4 4768.0
-5871.5 -4121.2
-6809.4 -6721.4
-9525.6 -6347.5
3036.3 -2202.4
-5552.8 6264.0
-5843.8 -8357.0
557.9 -5871.1
6037.9 -842.4
-9983.0 5891.5
6507.7 -9385.4
-7094.4 -237.0
7600.4 -6266.5
-6934.2 -3764.7
4767.4 9185.3
9309.8 -5695.4
-422.6 7564.6
-450.2 -5688.3
-6101.4 -8841.8
6522.8 9537.3
4462.8 -6308.8
8728.4 4700.5
5277.3 9701.9
-2678.4 -6712.0
3812.3 8383.1
9856.9 1268.5
-4998.1 -4301.6
9248.0 -4352.5
-8026.8 -2007.3
7060.0 -4908.9
-7978.7 2975.8
-2384.7 -5208.3
-1226.1 -616.2
-3037.9 7973.6
-2427.2 6244.7
-9844.6 1596.0
-3976.3 -5264.4
479.7 -2531.0
-7520.6 8988.7
-4563.2 4647.0
-2508.0 4057.9
-3082.5 581.2
-6167.8 6565.5
-9621.1 9938.1
-5838.0 6119.8
5228.3 8751.1
8914.8 5823.0
-55.9 4730.7
-8349.7 2035.7
7082.0 -6528.8
-6547.9 -347.0
-7920.6 -8013.6
8791.6 9622.2
-8007.8 4345.9
-5922.7 7890.6
2573.8 4894.0
-6144.6 2443.0
978.7 -4280.2
-6584.8 8663.2
-9089.1 1094.2
-6867.8 -1257.2
5416.9 1769.8
-6330.8 -9331.6
7117.4 -8871.9
-4706.8 6022.3
9530.9 -3111.4
8071.8 5511.1
7659.2 -4847.1
-960.2 1805.0
-6938.8 -9473.5
-4404.8 -5519.6
6029.6 -1365.1
2431.8 523.6
-7782.8 -4716.5
-8290.9 -5799.5
-2635.3 -689.1
3661.8 219.9
9149.0 -6316.2
6388.4 -1369.0
702.0 6614.6
3058.8 8462.6
3191.3 -2831.5
-8248.6 485.1
8106.6 -55.0
7159.5 -8642.5
954.0 1486.8
-1326.8 -1391.5
1518.9 -7035.7
6195.5 7993.7
5610.5 8821.3
-3724.2 -8755.7
-5792.0 -5208.5
-4961.8 -3996.5
-3576.1 -3409.9
-3185.9 7069.5
-2495.9 8344.9
-896.5 7569.3
1282.0 -7555.8
5480.3 -8815.3
-4749.3 -5006.1
-7787.3 -9065.9
6233.6 8090.4
7703.1 7046.3
-7137.6 -3048.0
-3492.7 3827.0
1412.3 671.9
705.8 1383.6
5954.9 -5523.8
-5143.7 -9439.4
-875.0 1524.4
-4087.7 293.9
-6463.2 -8365.0
7313.5 830.4
-7837.4 3662.8
-9915.7 -6427.7
3191.9 7141.0
-4069.7 8770.4
2789.5 3342.5
-7681.9 -3584.6
-7749.6 2847.5
335.6 9867.5
8574.4 -5792.8
-8840.7 -1486.9
5735.6 -6972.6
4341.6 -1308.4
-9158.2 -1745.9
-718.5 -9834.7
4404.3 9205.5
-4894.5 -3818.2
3590.0 -7689.3
-2505.1 7390.7
-3059.0 -9865.8
-5068.8 2370.8
9037.4 -2319.5
9498.5 -7014.7
-3201.6 8897.5
707.1 9049.6
6389.2 641.4
4884.8 8125.9
-5305.7 -9072.9
5603.0 -4412.4
-6169.9 -7962.0
363.3 -9176.4
4834.7 -1827.6
-8734.7 5894.5
6657.1 -5895.9
4556.9 7057.9
9916.0 -2280.8
-7168.9 -7896.5
-2246.6 -9542.1
6451.4 -4065.4
-7964.0 -8500.2
6332.9 2008.7
-5850.3 7889.7
8087.8 -4202.8
-7705.8 -3426.1
-3371.7 -1707.2
3419.0 -9945.5
-5396.3 7033.4
2754.8 -4665.0
7686.9 -9313.5
9012.1 1135.0
8669.9 1168.2
1236.7 -338.1
3961.9 3636.1
2623.4 5854.2
188.3 -5456.8
-9003.1 -9617.0
2773.9 8857.5
7717.7 -3760.5
-4784.9 -233.7
-3203.6 9302.0
5157.8 876.1
-8899.0 -8577.8
6335.2 560.8
1723.4 -9806.4
-5828.3 7309.2
6553.7 2315.7
-188.9 7796.8
-6976.3 -4274.5
3777.8 8249.5
7690.9 3650.5
-4382.3 2709.0
-7492.7 -9460.3
8714.5 7292.7
-3441.2 6745.6
459.0 -7911.7
-8341.0 7854.1
-8096.1 5767.1
-8850.9 -6820.3
-73.2 -6302.1
-5406.9 -7088.2
-153.8 -7439.4
-8655.8 6866.4
-2067.0 -601.9
4031.9 -5615.7
-5020.5 -4826.2
-9588.9 2284.1
270.9 -7440.1
-8343.9 6842.1
4999.6 9775.0
-9997.1 -4284.5
-1202.7 -8931.9
7242.8 -3330.2
8444.8 -2322.9
2606.7 1615.0
-3890.1 -7303.1
8941.1 -8800.4
-638.5 -5299.8
-971.3 -2564.9
-1353.1 3404.5
-6418.6 -7508.4
4836.9 -5781.6
6096.5 -4950.9
-5835.1 -4473.3
2965.9 7361.4
-3046.6 3909.9
-2857.6 -3041.2
3644.7 -6206.7
-2700.6 -6428.9
-8877.8 -4160.1
-2984.3 -2259.3
-6906.6 2072.6
9530.6 -9256.5
1729.0 -2496.0
-2315.7 7922.2
-3503.8 1275.8
-5254.0 9897.1
4300.9 -2182.3
-8900.2 1467.1
-7423.9 -2296.5
-594.3 9062.2
7616.9 -4875.8
3300.0 -3353.1
9310.9 -9376.8
8943.7 4885.6
-2648.6 3627.9
4889.0 -4107.3
646.5 -3291.3
8164.3 7787.9
6.3 6363.5
2606.6 3324.7
8454.6 4904.6
-5192.1 4830.7
670.3 -6040.6
534.2 4200.4
301.5 -1868.5
-3958.4 -363.0
-4.7 -9245.6
5123.5 8752.6
-7408.9 -4446.7
2832.2 7720.1
4608.5 6475.3
-4173.3 -7011.5
7858.2 -1839.6
7497.3 4246.4
-4075.3 -6631.1
-395.3 -8943.2
-3803.9 -4395.9
-7418.2 -5870.2
3607.1 -2913.2
9813.0 4660.7
-6504.0 8239.9
-8486.3 -4625.2
-5407.8 2553.4
738.0 3173.9
7461.0 -5415.9
-505.9 -2582.1
4483.9 6489.0
-6558.1 492.9
8154.6 6816.5
5089.9 8675.4
-5640.7 -647.6
-6991.5 -221.6
9201.9 -1351.8
-8867.7 -2209.0
-8228.6 5511.0
-1311.8 3107.1
5827.0 861.2
-2977.4 -5592.0
4958.0 5830.0
-9555.1 -5261.5
7506.3 -4511.1
1051.5 2857.7
26.8 8614.4
8681.3 5004.1
5079.5 -5261.4
3659.0 -9155.6
4026.1 -5144.9
-7681.8 -3405.1
7693.1 6863.8
9050.3 6563.3
-6369.8 3802.5
-3828.2 -916.9
-1162.4 -8871.4
5624.9 6030.6
9575.1 -4136.6
-2576.2 6033.5
-8267.5 5896.0
1662.4 945.9
659.7 5666.3
-58.8 -9361.9
-268.2 -3759.2
-93.9 -4210.3
2823.4 -6464.7
6031.1 -5635.9
-9928.8 -8275.5
-7541.8 7189.4
-9822.4 -5194.9
-7312.0 5167.3
-7992.1 8218.1
-3306.5 -1211.7
-2080.7 5752.8
4133.6 -705.1
-5706.2 2345.6
-4662.4 1400.2
-3831.9 6386.7
2100.0 -2584.0
-8343.2 -6714.7
1933.0 7723.0
354.7 7076.6
7454.3 -7445.0
-4293.2 2961.0
-8782.2 2285.4
-5239.3 -1064.3
-9931.5 -2727.1
-6592.5 4273.5
-7001.5 -7879.4
1642.2 -1416.6
-7673.5 9582.8
3835.5 726.1
-4999.9 -913.4
3230.3 171.6
2226.7 1083.8
3562.7 -4737.6
6331.9 3414.3
-1883.6 2633.8
-5760.4 -3696.4
-4554.6 -9241.5
-3191.3 -1295.4
-3426.1 5391.8
-3710.9 3455.0
2534.2 5299.5
-6869.9 8105.4
374.7 5942.7
-9453.9 263.9
1995.3 -7255.9
-7081.4 -911.0
3037.8 -8009.7
-7182.5 6556.8
-2759.3 -8770.5
-4124.7 -3420.2
-1625.7 2199.6
-3949.5 -7038.6
5748.7 -4097.4
-4719.3 1115.5
-5185.8 -6416.7
1620.6 -7986.0
-252.5 -2894.8
-9197.2 5935.4
-1165.7 -0.3
-4360.9 -2028.0
7864.3 -6475.5
3575.8 1708.2
1829.2 2778.7
5050.5 1631.1
-2829.1 -5433.8
-1449.4 -5904.9
-513.5 4342.4
-9845.7 -6791.5
-6471.6 -3226.5
4321.0 7917.2
6429.2 -6748.3
-8413.5 2587.8
-4448.8 -6032.5
9663.0 2301.8
1852.9 7490.8
-3997.0 -7590.6
1087.0 -4151.4
7516.7 7934.3
8193.1 1293.2
-5331.6 5944.7
-8084.7 8131.8
9187.5 -9006.1
-6796.5 -3745.1
350.3 -3718.6
5699.0 -139.7
5725.6 -6055.6
-6987.0 9804.5
-5482.2 7424.7
-3162.8 -7396.8
72.5 9163.9
-7217.0 -3386.5
-6584.5 -3044.3
1876.1 -4792.6
8530.2 -3301.1
-1949.6 6287.2
314.6 2732.9
-5087.5 -5537.3
-361.5 -4849.9
925.8 9926.5
4529.0 3533.3
1024.1 6512.3
3587.5 -6973.3
9088.4 -2040.5
-4525.4 -374.0
-8028.5 8334.4
5494.8 5217.0
1905.8 6799.3
9690.5 625.0
-5640.9 -9546.7
-9763.5 -6701.5
305.9 6753.1
1707.9 -3489.8
1061.9 3857.1
-8146.1 4746.7
-3407.4 -8096.2
9075.0 -9884.0
3993.6 -7437.1
1701.7 4767.8
9383.4 -7882.6
2811.0 6477.7
4025.1 -8570.5
-2571.8 -7784.1
2339.9 -4423.8
-871.6 -7621.7
3481.9 -2895.1
977.7 4695.4
8328.9 -712.3
-5592.2 -271.0
7485.5 -5790.2
201.2 2077.5
3793.9 -4614.0
8822.6 -9716.2
-9940.4 -5139.6
960.2 -8879.2
1757.2 -2109.5
7338.1 -5570.2
291.6 9818.2
3968.4 -7250.8
6268.4 6408.7
9914.3 8559.5
-7002.6 7297.9
-7102.7 -2758.8
9126.4 -9242.4
3708.1 1197.6
3231.7 9921.4
-2623.4 9614.5
2406.6 3704.8
3726.6 -1191.3
-77.3 -8379.7
-4340.3 -7037.3
9448.0 519.7
-444.5 -8710.7
-4908.1 7559.8
9406.7 -5195.7
7388.5 5462.5
6036.2 1046.5
1151.8 -5804.9
-4764.4 7402.0
8194.7 1695.1
297.8 -5344.9
-1101.9 3850.5
-2713.8 -1700.0
9658.8 -4291.4
7859.9 -5121.8
-5655.5 7773.1
9480.4 4903.7
-657.9 313.2
-5156.5 -5036.8
-5864.0 9800.1
-3920.3 -5589.8
-4099.9 -2106.6
-3934.2 -1911.5
9201.2 9090.4
731.5 6030.1
-8493.5 6202.0
4688.2 1280.1
-6276.7 6914.0
1019.1 -3300.4
6396.9 3637.0
-2352.2 1146.0
9526.0 -4101.2
8416.4 7658.0
-7195.2 1673.6
9166.8 -3248.6
-6571.4 5412.4
1402.2 530.1
-3812.5 -4190.9
-5724.2 6804.4
-1108.8 -3438.3
2053.7 -4014.2
9233.1 -5707.5
1367.4 -5378.2
-7529.3 -9384.9
9808.3 -8139.9
1848.0 -5231.8
-9508.6 -2146.1
7374.2 3717.5
5858.1 -801.2
190.3 -9380.1
-8061.1 8185.6
-1865.4 4029.9
3990.8 -5829.6
1918.7 -3588.0
9352.7 1231.5
8287.3 8739.3
-5897.6 -6659.0
-5363.9 5136.7
-1872.3 -8141.5
220.0 -5380.1
-9025.3 -3571.4
-3022.9 -2009.6
1711.8 6810.9
-4137.5 -9092.3
-9116.2 -6928.5
-2133.0 1251.3
8330.3 6662.8
2327.6 5547.9
183.9 4337.5
-6363.4 2169.2
-5628.2 -7162.9
8389.4 -1694.6
5376.8 -1409.3
-6746.7 -888.2
-168.9 2967.6
-311.3 -1849.2
1677.2 3722.5
677.2 718.5
-5635.5 -5092.0
7699.3 4026.3
3094.2 920.7
-6954.9 -6722.9
-893.1 299.3
-2599.5 -6691.5
4089.9 4789.0
1884.8 -4956.2
-6104.5 696.1
-7963.0 8886.3
-4688.9 2174.7
-7475.3 1750.3
4750.9 -3052.4
-2637.7 -2989.3
-3029.8 1692.8
5714.3 8434.0
-3189.6 1249.0
-9977.3 7591.2
7014.2 7395.8
904.6 -7250.5
-6719.6 2312.3
-9210.1 -3898.7
-9222.3 -4167.2
-7017.1 6851.4
-428.2 -951.4
1615.9 5395.5
8944.9 -7323.8
-9151.6 -8442.4
6628.2 8341.9
-5382.2 756.8
-6990.4 1774.8
3676.3 -9685.0
4187.0 9410.6
-2133.1 -1320.6
-1530.4 331.6
-5686.9 -9149.7
-4822.8 -3922.7
-5876.6 -86.0
-3736.6 8039.7
-7546.8 -7610.9
7054.3 -3686.6
-7949.8 2479.7
-9835.7 -4130.1
5515.1 7526.4
-1417.2 1549.2
-8665.1 -5263.4
-3524.3 1592.2
-7537.5 -8152.4
9033.2 -5929.5
-1647.4 4585.9
8072.8 -204.7
6859.3 -3506.2
2795.5 9473.1
-3859.0 1514.4
-5737.0 5211.0
-8002.5 6465.6
8723.7 9232.7
9708.8 4931.3
3753.6 3405.6
-3085.6 -5189.0
4376.8 3975.7
6159.8 -8496.0
-1063.6 8654.2
-6598.7 -6637.7
6828.2 7820.9
-9881.2 9382.6
-8083.5 -4961.5
9101.1 -8750.2
8904.0 3622.7
-1305.8 -9879.1
-4952.5 5098.1
3357.7 -9536.2
-3770.6 2783.7
9169.1 7083.0
4980.0 -2650.4
-4124.5 1759.1
-3223.7 -1987.5
-8057.6 -5963.5
8260.3 -2378.6
5591.1 8425.9
5999.1 477.4
6828.6 5692.1
-3740.8 -0.7
-3890.2 -9740.4
-9261.7 4998.5
-7583.4 -3971.8
-1195.3 4853.6
-7846.6 3651.0
-1343.1 6745.1
-5140.5 -4576.4
5270.7 -4073.9
6028.5 -5037.3
-9633.8 6391.0
2213.0 2008.6
2970.7 -6725.5
-8771.5 5299.4
8391.2 6309.0
-3882.7 7508.1
4870.3 -3777.7
3275.0 8780.9
-4684.1 -9969.1
-6541.8 -4020.5
8830.0 9687.9
7782.3 -1577.2
-2171.6 8147.4
8739.4 -8507.5
-6252.8 4789.8
4585.0 5835.6
-191.5 -1857.5
4879.6 3329.1
8482.7 3265.7
8650.6 -8172.8
1717.4 -5973.8
-7131.7 -7519.8
-645.2 -4846.6
-8009.2 9946.3
4763.3 6630.0
-7311.8 -8910.2
-6824.9 1916.1
1895.1 -554.2
-8589.7 -2956.4
-686.7 -8732.2
3690.3 7450.6
9858.1 5062.0
6047.4 234.2
-2215.2 -8012.9
2555.0 489.7
-5248.2 -1786.3
3721.1 7732.5
9169.9 6053.4
-4438.2 -672.5
1222.1 -8897.9
-3748.5 5416.7
-9408.1 -4012.7
-6021.6 5315.1
-2530.2 -7274.8
8658.0 -1084.1
-7387.9 5369.7
-4038.1 -9571.5
-7113.9 -6805.0
3883.4 -4700.2
6216.2 -8565.0
1040.6 -877.8
-7196.9 -7432.9
2026.0 9484.5
-973.5 7202.4
9073.5 -9569.2
-7383.9 -6290.5
2329.3 -941.2
-294.7 -6936.4
5631.9 -9550.0
-1937.5 8769.8
-5845.7 -4973.1
5621.2 -5870.0
2160.5 3205.1
6145.5 -7074.7
-2162.1 3340.1
8228.6 6494.3
8911.9 -3350.3
9047.1 -8849.3
-6644.2 -2191.5
1333.7 3115.3
-5707.9 -3420.5
-8374.1 6357.5
-7869.1 4199.6
-6266.2 5478.1
744.5 6871.7
-4099.8 1160.8
-3423.2 5735.0
-1698.0 -76.4
9225.0 1126.0
-7271.6 -4615.7
2534.3 7923.9
-5676.8 2066.3
-6907.2 7138.1
-295.7 2256.2
-1059.6 7877.9
3871.8 743.1
1597.3 6049.5
7033.4 5808.2
-2672.3 1680.7
-5140.0 4999.7
-7073.7 7953.9
-7992.8 -6036.6
569.0 7010.4
1668.6 -5194.3
2759.5 -5078.3
-6966.9 -8948.3
-9852.0 -8658.7
-1750.6 6221.3
-9301.3 8553.9
9263.4 -4532.7
8785.5 -7865.2
-8723.0 -3336.9
6528.9 3543.9
8424.5 -7386.0
1688.1 -1986.0
989.2 -4419.2
-1545.3 -9251.8
5178.0 -7159.0
9442.7 -7337.0
300.0 -8470.7
-5657.6 -2655.8
-2270.1 7990.8
7339.4 -2028.8
256.2 -7260.9
-9894.7 -5665.3
-9422.1 1570.7
-7536.1 -8701.9
-9233.2 213.9
-4498.1 7874.8
-1197.8 -1491.9
7554.3 -1569.4
-3023.5 -3693.8
-4133.5 4722.7
-3075.7 8416.5
-7711.4 4449.0
227.2 -4273.8
1605.8 -793.8
-1331.6 9446.2
7878.6 7723.6
-5914.4 1013.3
-809.7 7591.3
-5129.6 -6718.1
5490.9 -3082.9
9536.1 956.3
6652.3 -7899.8
-422.2 -6226.2
7360.1 -8055.8
-752.2 -1312.5
-3544.6 6178.8
8743.6 6502.1
5407.5 6748.5
9890.6 9597.2
2944.0 9820.8
4822.8 -8962.9
-4166.5 -7.5
-9398.7 3543.5
-1088.0 -8893.9
-1688.8 -5806.1
-6041.6 -1968.3
-3938.9 25.9
534.9 8869.3
-236.5 -4129.0
7767.0 -2206.0
-7290.1 3772.9
9176.8 5670.7
-7243.7 141.2
-16.3 -2143.8
4651.1 9500.6
9294.7 -7357.5
-2261.8 3840.6
6681.2 884.4
1971.8 3298.7
-9367.5 566.8
-1470.6 1477.4
9970.8 5970.8
514.5 6434.5
5696.4 -2406.2
-310.9 -7352.4
4349.9 -6352.3
3753.6 -6135.1
-8593.9 2751.5
4031.0 -7233.0
2497.3 -6522.8
4266.7 -8811.1
-509.1 -1953.2
-3684.6 -9828.0
-9238.7 1223.3
-6709.6 630.8
-8422.7 -2754.3
3724.7 -8118.7
6691.6 -8023.9
-2329.9 2228.8
8515.4 880.2
6508.2 5063.0
9201.0 1935.1
6039.5 3964.8
893.5 -9461.4
-9491.7 -7499.6
9326.8 -298.9
4850.5 1344.1
-5727.9 -9261.9
-9206.8 3602.7
-9923.6 5407.9
-4548.2 -6089.4
3068.8 9120.1
-2713.1 -8543.8
-7785.2 -3306.2
2673.0 6134.7
-8626.9 -97.1
-8138.7 6184.5
-4198.4 -7472.0
3675.2 -9085.2
2896.2 3588.2
4230.6 -8207.5
465.4 4454.5
9635.4 -1494.2
-7305.6 9213.5
6888.3 3325.5
6877.6 -6408.4
8720.9 -4242.6
5184.1 6372.7
7250.9 -4289.1
173.1 -3291.6
2816.5 -6682.8
-4008.3 -1583.8
-2892.0 -9371.1
6585.2 7055.1
4855.6 7950.5
-3754.9 -5343.5
-233.8 -2692.1
7990.7 8452.5
-9844.1 8048.5
6246.8 -3719.5
6380.7 -3715.0
-904.0 -3880.4
-6696.6 8031.7
-8901.7 -3061.3
-7526.4 -2144.9
-2835.4 4752.4
-6477.7 -568.8
9778.3 5895.8
-2719.5 -8847.3
2394.5 388.5
1659.5 -5753.5
2441.9 8800.3
-7014.7 -6165.0
1012.3 3129.1
330.0 2168.3
-4210.2 4602.9
-9882.5 -7615.3
-5456.2 8622.0
9310.7 9917.9
-2922.6 884.8
-2883.1 269.5
-3228.5 -448.9
9982.6 1284.0
-4399.2 3221.9
-1691.8 -5100.7
9107.0 7362.2
9000.4 -327.0
-3298.0 5171.5
6324.2 -43.5
-3271.3 9949.6
-2737.1 -7858.5
-1379.0 -5697.9
9018.1 -7081.1
301.8 7587.8
-6869.1 5755.1
-561.3 9704.6
2828.3 4488.5
8369.8 -7343.8
-8221.5 -2534.7
9315.4 -8561.6
5032.0 -2870.7
3439.8 -7525.6
-9263.0 6641.5
-9178.9 -2902.1
2761.2 5188.4
-3406.2 -2742.9
-3986.7 -5540.2
-8993.6 2860.7
-6297.8 -5526.1
4439.3 -3813.7
-6122.1 -6337.3
-1645.0 1987.6
5585.1 -9297.2
-458.3 -1723.4
-3177.0 2324.6
-178.2 -5372.5
-9620.1 490.8
8883.7 -133.5
5279.8 -7384.2
-4138.0 -5353.3
4442.9 -5871.3
-7058.6 -3658.3
-2072.7 -5918.4
-6627.3 -9841.3
8033.3 -2157.5
-1721.2 1739.9
-7217.4 -5110.7
9378.9 -2185.1
3580.0 -4360.7
4265.4 -8657.0
-3355.6 -5718.9
8498.8 -9595.8
3143.2 2560.1
-1510.7 -1383.1
7402.1 4942.9
-5533.3 7659.8
3866.3 -8173.9
8412.9 6236.8
3292.0 -6321.6
-6800.5 5529.3
-9229.6 -2664.6
4868.2 -4242.2
-3812.0 -6951.5
1271.6 -140.0
-4664.7 4169.8
3680.6 -721.1
6085.2 1229.8
-4201.4 8498.6
-541.3 -560.5
-7691.0 -3734.6
-6801.5 1475.8
-6451.4 -988.7
-9267.0 3842.4
9018.3 5554.3
-2372.9 -337.0
1060.1 77.6
9462.5 3262.5
-9252.9 -2584.1
-8430.9 -2793.7
4676.2 -4500.5
-5121.3 4174.2
5157.8 -6294.4
-8942.8 2245.1
9579.2 4497.6
-1184.2 6507.3
-5037.7 9087.0
313.9 -68.7
6943.5 -766.5
1908.3 -4038.6
2186.1 -7195.3
7165.6 9638.9
9048.4 -1230.1
-4487.6 -3944.5
8352.3 -6501.3
9833.8 -6884.3
-659.4 -1443.4
-6166.0 1264.9
-456.2 -7463.2
2221.9 7247.0
-3877.7 8702.0
232.1 -2158.1
1491.1 -976.7
7382.2 -6000.7
-916.6 -718.1
1662.5 8236.1
-3600.3 7334.2
-3893.8 -8773.3
3847.9 -9807.2
-9085.3 -8258.4
1029.9 -5149.5
8574.4 333.6
-5168.5 4556.7
-6131.9 4244.3
-7593.9 -1755.5
3035.9 4528.8
-999.4 7777.9
8399.8 1171.5
9893.6 -4924.3
1217.4 -2463.8
-8166.7 -8270.1
3696.7 346.9
-6012.2 4909.6
3164.0 4352.8
-2195.6 -88.7
-4032.7 5019.5
5072.0 5940.8
-6831.1 9577.4
-1832.6 -9804.6
-9337.7 5939.0
-645.2 6608.1
7873.3 6299.9
9919.0 1340.5
-3793.4 -9957.7
7422.1 -3230.3
-4370.9 -5701.2
2473.5 953.6
7281.1 -3921.6
-7849.0 -2797.2
9691.4 3808.7
-3178.4 -9255.8
3787.5 -1975.9
752.6 -4818.2
7213.1 -2644.8
-595.6 4563.0
-1497.1 -3062.6
870.4 1974.4
4703.1 -6717.9
1197.7 8352.7
-5064.6 -9231.1
1875.8 -9360.7
4722.5 8063.5
-5414.8 -6482.9
-1850.2 -139.2
-5170.3 7908.5
-3189.8 9273.0
-8684.5 5145.8
-9056.4 1491.6
8847.4 9639.8
-8143.4 1382.8
-3548.5 7269.7
577.7 9335.0
5435.7 -4053.3
8865.3 -284.6
-865.8 7336.3
-4507.3 6406.2
-353.5 -4498.8
9052.2 5653.1
1204.1 2498.1
-1428.9 -3720.7
503.2 -7183.0
5125.7 -4843.5
-7841.1 3223.2
9171.3 2590.2
-8223.2 2316.3
-7839.4 698.1
3115.3 1914.6
7580.1 8902.0
3754.7 6866.4
3024.6 -3640.4
2795.7 -343.6
-65.1 8294.8
8135.5 -3977.1
-9203.6 8260.4
-9329.0 -3526.6
-2549.8 -7739.8
2654.4 8244.9
-8623.2 -641.3
8212.3 -157.9
6232.5 96.4
4332.2 -8445.5
-1168.8 4765.0
5840.2 6269.0
-7940.9 -2309.8
3396.0 -5962.3
-5306.1 -2163.6
2901.3 -5746.1
7784.6 3006.3
-441.4 -5307.0
160.3 2223.8
1788.9 1563.9
7063.3 -4043.1
7226.5 -8821.8
-9696.3 9837.2
-8026.1 -4015.9
1422.4 -2675.6
8650.4 -9903.3
-5108.6 6892.4
-6177.6 -4687.4
-6347.3 8285.1
-1338.9 4405.2
-7879.0 4884.2
2221.9 -1339.4
-5726.1 -3306.7
4985.4 2858.9
9206.1 -2018.1
952.4 9576.3
-8804.5 -5472.9
-8601.9 772.6
6345.8 4640.1
-4888.7 8710.2
-2717.0 -5850.0
733.1 1394.0
-412.6 -3088.8
8698.2 3986.6
-1155.9 7991.7
-1605.5 4882.1
-979.0 -7333.6
-4777.5 -2151.5
-4463.1 -7718.3
-5349.7 9293.1
416.9 5185.2
-4523.6 8621.9
-4327.2 6290.7
-2781.1 1888.4
6024.2 -8896.6
-7774.4 185.9
-4185.4 -7057.2
7994.5 1021.7
1387.1 7611.6
-1862.5 -3079.3
-9339.1 -8526.6
5044.3 -4733.4
951.4 5668.6
-2117.9 8170.9
-7778.4 2416.3
-3717.0 -7716.4
8457.9 7848.3
9728.3 -4069.6
-452.6 -2151.0
2017.1 -3364.2
9109.9 -8581.9
609.5 -93.2
2342.6 -1549.3
-4172.7 6809.0
-9535.9 -7346.0
-7471.5 -8757.1
-2871.6 -8814.3
-6195.5 2492.4
5814.8 2964.9
3724.7 861.2
-4440.8 7161.6
4528.0 -2953.2
1786.4 -994.8
-1704.6 9923.2
-1411.3 5399.6
-9733.0 -3808.7
613.5 7195.6
420.1 -5813.7
-8061.2 -35.3
-1327.3 -6969.9
4611.5 -8364.6
8451.7 -7405.4
-1760.6 -1229.8
-9405.7 2021.8
-5389.2 -6088.0
-9074.9 -8367.8
-7931.5 3845.1
-1276.4 2869.2
-1714.8 1047.1
2161.0 9750.5
2780.8 -7746.9
-8093.6 9152.2
-8846.3 -9076.7
519.6 -8334.5
8941.2 -8471.3
1842.5 -7413.6
-1951.3 2519.5
-8588.3 -4123.9
-658.7 6672.0
-2325.9 -2813.3
1633.0 8563.0
-4196.0 8456.6
5831.4 7269.5
-6585.5 -4860.0
1421.7 6995.1
6728.2 -1767.5
-2691.6 1037.3
-5545.2 -3423.8
7619.9 6651.5
-719.5 5841.9
-1236.8 -8812.5
-6657.4 -1155.6
1873.3 -5559.8
-3407.9 -5138.2
-96.4 3784.9
9341.7 4222.3
6492.1 -9001.1
2829.3 8728.9
1333.3 -8660.6
-6623.8 -9120.6
-1091.7 5457.5
-8122.8 -5879.4
8956.4 2009.9
9669.7 -2955.8
9431.5 9884.0
-399.6 -9740.0
9962.7 -7515.9
-3262.9 -8164.2
978.4 2859.7
-978.6 -5714.9
5696.2 -2689.1
5816.8 1477.5
-1984.7 5126.1
-6863.5 -2362.6
6527.9 -1345.1
5154.7 4696.1
-7030.1 6683.8
-1297.6 -5786.5
3217.3 -8771.5
-5315.0 261.4
-3583.7 8073.7
7667.2 8032.3
2794.9 7912.8
8741.3 -7471.0
-2536.4 -4350.8
6347.5 8131.4
-5563.0 2089.1
3614.2 -253.4
4997.9 1442.9
-958.0 -6953.3
-7337.6 3080.6
-9964.6 6391.0
-6662.9 3308.5
1410.0 -7139.6
-6459.4 9967.7
4008.0 875.4
-9876.2 -2702.1
-64.1 -154.8
7418.9 -8302.5
-5253.0 -9494.5
-3832.6 7093.3
5450.8 1432.2
5350.6 -5431.3
7784.3 -1452.4
4247.4 2202.3
-7184.8 7278.4
-8503.0 -4615.5
6324.2 -209.9
8624.4 4888.2
510.5 -6496.5
-1079.3 -9536.9
3526.3 4183.9
9708.5 -4774.1
1587.3 1238.2
-339.7 3338.9
-4001.0 -3714.5
-8001.0 8342.7
5527.8 3233.9
6862.0 548.9
6402.0 -145.4
-5250.7 3316.9
-7651.2 9521.0
-566.1 -3942.9
-5659.7 5966.1
8835.1 -7452.0
-5794.9 4731.0
9273.9 509.3
1115.7 1931.0
-7870.1 334.3
1769.0 2847.4
-1952.6 9531.1
-6593.7 -3621.7
-9950.7 -5110.5
870.6 -8459.0
2944.2 -9505.8
6943.9 -8689.1
1372.6 -4624.0
103.6 234.3
-5645.4 3101.6
9901.7 976.6
2994.5 5519.4
8115.6 -4822.5
9443.1 3017.2
9738.6 8705.5
133.8 -1723.2
8424.5 4572.1
6582.4 2185.0
-1304.2 -6761.7
-8317.4 8874.8
3552.4 3833.5
1982.7 -5947.9
3334.6 -1486.8
8269.7 2427.1
2639.6 -8825.1
-5803.3 -239.3
1112.5 -1541.9
605.7 -2026.9
4279.3 9997.4
-3801.1 9912.1
3447.2 -6352.1
-4378.9 6446.0
-4697.5 1223.8
-3479.3 -6194.3
-3128.0 -3422.4
7233.9 -3939.2
-6741.4 -3894.3
-3050.4 3306.0
8628.6 3921.9
-6310.2 7048.7
8633.6 -8949.4
-7667.4 -3100.6
-4889.0 -7185.3
-8133.9 6312.5
5721.9 2888.2
2465.2 -9443.0
-3614.6 -2229.3
2320.8 6466.3
9224.9 6553.1
-8348.4 9088.0
1299.6 -5985.0
7259.1 1206.7
3219.6 -5467.9
-4319.1 -1223.8
-6306.2 5511.1
-6362.5 8688.7
-9206.2 -7625.2
4638.5 -745.1
1400.0 8577.2
354.1 2957.7
8799.0 -9844.5
-5456.5 -661.1
-4598.0 5993.8
5509.6 2106.3
256.7 2356.8
-6766.2 9880.7
-7464.8 9188.0
-7492.3 -85.5
177.3 8871.7
-2042.1 2350.0
2569.1 -3564.8
-4878.0 -7565.0
1756.6 -7370.4
-7738.5 8045.8
-4665.5 -7438.4
-478.9 -2949.2
4192.1 -450.9
4949.2 4090.1
-4047.8 -9085.3
4030.7 -1154.1
-8922.1 -4653.4
6266.6 8882.9
-3540.2 4075.3
2805.1 -6596.7
-2622.8 2964.2
-3035.3 -1578.5
558.5 -3159.0
2994.6 -8105.9
7463.9 -6194.5
-7122.5 7915.1
-3106.3 5649.7
-84.6 4775.2
9508.4 -737.8
911.9 -3561.8
-5318.8 -4613.3
-3407.0 8525.8
2397.5 -4589.5
-350.5 -7504.0
9065.6 8433.1
6057.8 -7939.6
3463.4 -6145.4
4695.3 5386.7
-9723.7 2875.3
-4985.2 -4775.8
8880.3 2342.4
5019.3 8433.3
5978.8 -532.0
3986.3 2883.9
6704.4 -1027.8
3394.1 244.4
5546.1 5820.8
634.0 -3413.5
-4976.0 -5919.5
7733.5 1667.5
5871.3 6385.7
-8144.0 345.8
3056.0 -2823.2
5644.4 7236.5
2202.6 8366.7
-9303.7 -8771.1
-5685.4 -3119.4
-8638.0 -1016.1
-2392.2 8349.9
9599.2 76.9
-5176.1 -3208.9
2615.2 -9317.5
-939.2 -2442.8
-6386.6 -4684.8
394.0 1686.8
-3840.2 4735.0
4849.4 -6838.7
-1995.2 9474.5
-9663.8 2391.0
5356.5 2039.0
7328.3 -8450.7
-1278.9 6204.0
2825.2 4851.9
-5006.4 5878.7
3188.0 -8159.9
-5572.9 -2332.8
-2804.8 -3684.0
3160.6 2880.2
-1212.5 1997.6
1510.4 -8058.1
6948.9 -4957.5
2060.4 9023.0
-5287.4 -1916.2
-780.6 -3919.0
523.5 8612.8
9994.2 -8807.2
6927.2 9333.3
-2707.3 -7207.6
-3301.7 2962.7
2695.2 5745.8
6175.3 -2977.5
3364.7 9514.9
-4641.9 -877.0
9166.9 6851.9
-3235.0 5393.2
-8544.1 -4026.4
9617.8 -9607.2
5096.3 6647.6
-6120.7 -6944.3
19.0 1656.3
-9372.0 -1294.2
3319.3 3616.1
6268.6 -1973.5
-241.1 -797.2
1910.0 -1515.3
-2207.7 4708.7
-238.2 1230.0
8226.9 -1113.5
1788.2 -2920.3
1730.7 2195.2
-7625.7 697.3
3758.2 2673.0
-7646.3 3158.7
3471.6 1957.4
-9146.6 8683.9
9124.9 -4849.4
-536.8 8337.5
-9987.1 -6895.1
-6154.5 -4370.1
575.2 -5226.8
8066.4 -7249.9
-9912.9 -8661.8
-6329.9 1076.8
-9107.3 -6608.0
3825.6 5329.3
-8133.0 5620.3
9983.2 -253.0
6168.5 4001.6
-3363.3 9999.7
7731.8 2030.4
-5222.0 4506.4
-49.4 8256.9
-7553.3 -8601.0
-8290.4 -9370.5
3528.6 -4784.2
1121.0 -9085.4
-5558.1 -1385.6
2704.1 3657.7
8430.9 5683.9
-6763.3 -9380.7
-6044.3 2382.8
-4899.6 9640.7
-4244.3 3411.9
3009.9 9519.0
-678.0 -7040.0
8519.6 482.8
665.1 2088.2
-4083.8 -5537.2
8196.3 -826.7
-8887.1 -7152.1
-8556.3 -8558.2
-554.2 -3914.9
8777.8 4370.1
-1905.2 6595.5
2703.6 9825.0
1723.4 -692.4
4728.5 -4482.4
9859.2 8189.5
-387.4 -1123.1
-5627.7 -9355.8
-6789.8 2512.4
-4796.7 6951.8
2089.9 6790.8
-2604.0 8421.6
5563.2 2174.6
-5410.0 -7599.5
2658.9 -4427.6
-3730.7 -3109.4
4410.7 -8236.5
-4740.4 -2812.7
-1155.1 -8560.6
5252.4 -363.1
6336.0 3884.8
-1768.0 -1743.7
-2191.0 -7690.1
5768.3 -4468.9
6144.1 8470.4
8183.5 -2249.6
-8339.7 1644.5
-5361.2 -9837.4
-8515.5 9837.5
409.0 -1602.1
-9169.6 1141.6
-9896.2 5830.8
-8723.3 -5316.6
9448.5 -4092.6
-1935.8 -1067.6
-3000.4 5303.0
-3552.7 1594.0
6435.5 4587.6
-3467.1 -3754.9
-8693.6 -6471.6
9057.6 -9405.8
9179.9 4614.8
-5815.0 9941.9
605.7 -7517.1
9616.5 2144.8
5383.9 -7082.4
2144.6 2699.0
60.3 7144.7
-5620.6 2907.2
-7858.0 -6860.8
4039.7 -2611.7
-1606.8 -8942.3
-6778.4 -3658.9
2727.8 -8187.1
559.5 -4113.9
-8357.0 -3181.4
-2246.5 -9159.8
-3887.6 -5283.4
7180.3 7056.3
3748.6 4206.3
1149.9 -9591.0
3826.8 2819.9
6956.5 -1841.7
5248.6 -9040.4
-348.7 5614.5
-8008.7 9164.5
-7109.1 7721.2
5663.8 7834.9
4689.1 -6903.8
-9246.1 1480.6
2269.8 4605.2
-9532.7 2339.9
-7836.0 -1686.9
-4183.5 3438.2
8731.6 -1049.2
4879.3 -4773.2
-3219.4 -7074.3
2526.0 6814.5
-9744.0 -3207.8
-3520.7 9155.0
3975.0 -5144.0
-6470.1 -422.4
-1380.9 1202.5
6788.7 -5157.7
1253.5 472.6
9621.3 57.3
9652.0 -5242.9
7228.6 -3262.1
5051.3 -1431.6
2104.1 9700.0
-5189.1 5839.1
-7376.0 -3014.7
3583.4 -6077.0
-8182.7 81.9
6385.6 9932.6
-1523.3 3289.2
-607.2 -4957.0
-7878.8 -7261.7
-9889.3 -9840.4
6821.3 8482.9
-7009.3 2307.2
-2575.5 -1427.0
8121.9 559.6
-9652.7 4873.0
-1831.8 -4534.2
-5404.4 -4474.9
-7059.0 3194.7
-7186.5 5871.0
-7494.9 7708.1
4458.7 2459.0
4403.6 -5169.6
-2101.8 7136.6
5253.7 8676.1
2330.3 1785.2
-4108.3 1645.0
-4247.3 -2956.5
2251.0 742.1
8229.6 -4900.1
2138.0 4203.0
578.9 -7902.5
5825.0 -6114.4
3499.7 -165.0
8158.3 -6092.6
2356.9 3707.6
1361.8 723.6
-862.8 -8062.9
-8576.5 9836.2
5333.1 -3939.4
250.5 5048.5
-9126.4 9206.2
965.2 -7726.7
6967.7 7584.1
-7794.3 6447.5
-6383.0 -5233.7
6138.9 -146.0
1345.0 5157.8
-1458.0 5790.4
4552.9 -1519.5
-7485.8 7362.6
7185.8 6877.2
-4876.8 2690.7
-1180.6 8304.7
2719.9 -2102.2
7585.5 -5964.1
6398.2 6983.5
6949.6 8898.8
4298.3 9153.4
-5949.5 -3515.7
-1961.1 9287.2
9017.6 6260.8
5085.2 -4644.3
-8105.7 -7470.0
1612.6 520.3
1714.4 3354.5
-8979.4 -9424.8
-3814.2 8078.0
9302.1 -7745.5
1217.1 -8574.5
-9821.3 3982.4
-9918.2 9390.7
-4825.4 -5930.5
836.0 -7686.9
-2438.7 4912.4
7996.7 -8483.5
-5969.8 -42.0
3739.8 1085.2
394.8 -56.5
-3831.9 -3135.6
-8195.1 9078.1
8535.9 6374.6
5496.7 -1843.7
-4026.5 -1918.2
5834.3 -3555.4
-5545.8 -22.0
5756.4 9969.4
-5807.8 -917.1
-6854.2 -6656.9
-3904.4 6771.5
9536.5 6492.6
-7130.8 -8415.0
-6883.8 8643.6
5544.1 -5790.6
-9033.7 4709.9
-9968.2 7430.2
-2922.9 -2422.7
-1991.1 9970.7
3411.6 -1045.7
8645.4 559.6
4453.7 2047.9
4193.2 8363.3
7661.6 -2014.3
1175.2 3992.0
-6549.1 7175.0
1404.8 -8084.9
633.4 -6669.3
-3643.7 -2244.5
-7009.6 6200.7
-8914.2 -4841.3
3823.7 -7232.5
-9899.0 -4848.5
9239.1 -6649.0
-3934.7 -7292.6
6012.7 3002.6
-2360.5 -9264.5
-7714.1 4519.2
5592.0 -6538.1
6690.4 2365.6
7495.5 370.3
-2664.0 3097.1
6191.9 1930.4
-9160.2 -782.4
-2324.3 6919.8
7582.7 5539.1
1073.9 9919.5
3322.7 4949.1
-5783.7 -4475.0
4863.5 -7287.2
9279.1 -2941.6
6157.6 -3367.8
2961.9 3924.9
-2981.1 7498.4
-1448.7 5885.0
6819.8 -9779.1
-7878.8 3530.3
9183.4 4549.0
3792.2 -4852.0
-1942.0 782.5
-9757.1 8272.3
-8352.2 2211.0
6178.5 1921.7
7305.9 -8498.9
5358.4 3549.1
-6929.6 456.3
-7259.0 -7807.3
942.7 2204.4
-699.7 -9526.4
4789.1 8840.1
-1391.7 3866.6
7180.5 -6119.6
-3778.6 -9856.6
7057.7 4630.4
-8147.8 5961.0
-3450.3 -8576.0
-8058.0 8564.4
-3504.9 1136.5
9894.1 1989.4
-3859.0 -6692.6
-4042.0 9219.7
-7472.8 6268.5
8445.8 -6038.0
-2788.8 -8653.6
-7753.1 8220.8