100 100 5 10
62.1 76.6
5.1 14.9
62.9 5.7
69.8 19.4
65.8 50.4
5.0 49.7
15.5 5.8
12.0 23.7
45.8 96.3
33.4 83.7
55.2 89.7
58.1 40.8
11.9 41.0
60.7 60.8
90.5 24.3
59.2 13.2
7.8 86.2
65.2 70.0
1.8 55.8
11.2 60.9
60.9 17.5
89.0 87.9
85.1 21.8
58.3 77.3
50.4 87.7
14.5 38.7
70.7 19.2
2.4 72.3
69.4 51.3
17.4 96.1
70.9 41.7
87.8 55.9
88.2 82.9
47.9 78.7
1.8 84.5
95.3 33.1
11.3 67.7
7.2 5.4
18.1 68.8
24.8 8.8
46.7 51.7
78.6 75.4
48.8 66.6
81.4 17.0
13.9 21.2
68.3 16.6
24.6 98.2
85.4 5.9
47.5 85.1
97.9 46.4
43.2 68.0
24.9 79.1
14.9 22.2
92.0 13.5
12.1 45.9
25.6 92.9
54.9 95.5
17.1 96.6
20.4 66.7
78.6 28.5
40.9 79.1
4.2 93.0
75.6 85.7
20.1 84.1
68.2 26.0
11.7 92.5
8.8 18.8
69.1 35.3
84.8 48.4
18.0 48.2
47.2 30.2
12.5 35.4
94.9 29.3
30.6 10.6
29.1 76.4
90.0 71.4
62.5 81.4
70.0 17.2
77.3 2.3
13.3 48.4
88.5 76.0
30.8 71.0
11.1 42.7
28.3 56.7
92.0 5.3
72.0 53.5
73.9 75.0
37.3 41.4
90.9 16.7
52.2 31.3
34.2 79.4
92.2 40.4
42.0 19.8
46.7 60.8
11.7 6.7
40.6 14.4
73.6 12.2
75.0 16.3
76.3 57.2
34.8 18.1
93.8 40.0
6.9 75.6
39.6 44.6
5.3 73.0
26.2 51.7
41.0 63.0
37.5 60.5
48.8 46.2
90.4 97.4
40.9 41.5
91.0 87.7
82.5 35.4
43.6 94.7
12.6 99.8
97.5 97.5
9.3 40.1
59.3 3.4
28.5 38.2
35.9 28.5
84.8 86.1
20.0 29.7
37.0 64.4
29.3 76.9
84.3 20.3
95.4 38.4
92.6 73.6
34.6 68.4
28.9 72.5
94.7 52.9
34.3 99.9
66.4 38.4
81.7 0.5
57.3 40.3
60.6 12.2
34.3 63.5
97.0 96.5
41.6 88.0
48.8 64.4
12.8 35.7
59.9 76.5
31.3 83.4
63.6 10.2
39.9 58.0
43.0 75.9
13.0 86.2
70.8 16.0
91.4 89.3
62.1 69.8
51.3 41.4
60.8 45.8
75.2 98.6
64.6 98.4
15.7 86.0
79.3 75.9
61.1 2.4
91.2 66.4
44.8 0.4
25.6 79.7
39.8 96.6
91.2 18.4
42.7 61.2
40.2 57.0
39.8 28.0
58.6 53.0
40.2 59.9
47.4 78.2
20.7 37.3
48.2 87.1
62.4 29.6
80.1 84.9
82.7 23.8
32.0 26.3
47.6 6.2
36.6 70.8
62.2 57.3
43.5 30.3
19.4 75.6
63.3 2.6
15.6 79.1
16.5 86.6
99.4 87.7
5.4 37.3
33.4 44.8
0.5 23.3
54.4 12.9
75.9 39.6
13.4 36.7
19.8 9.9
77.4 33.9
77.2 18.4
38.4 41.5
48.3 88.9
66.9 28.9
27.4 74.5
36.8 15.4
45.3 31.1
98.1 36.5
67.9 81.4
51.4 46.4
80.7 35.0