1
10000
1000
4621
7716
1773
6311
1429
3305
8797
4012
2649
3267
8630
2516
85
1314
5836
7121
4146
2918
4923
6311
5626
5165
6041
1601
1896
3577
616
6563
8285
5257
9158
9336
1888
4623
8957
7906
8241
1076
1979
4230
2131
6779
1516
3008
6084
3620
5050
6702
1044
1341
8673
806
7807
6145
133
3300
4782
2008
3121
3454
7844
9724
1836
1643
4298
7141
1548
5950
4728
8975
5412
5228
2271
5153
8845
7317
4204
1795
658
9495
5793
455
5320
1528
6292
3752
315
8341
1285
9717
7597
7631
5337
5485
8421
6296
8030
1928
7634
4045
7410
1732
3879
4117
7317
4293
8148
2596
4799
5773
7665
2317
8111
2369
1957
6066
1344
8438
6031
7566
2878
9905
3015
8901
7274
8030
4988
9145
2124
2267
8359
2076
3313
7148
743
3705
3363
4817
387
161
242
837
3730
4388
8293
7374
2495
1948
990
5175
8495
9354
3256
6786
3983
590
4698
5659
7730
4957
9566
5524
97
3588
107
1123
9837
3792
1909
5113
7925
8301
9457
7816
853
1639
5442
3603
827
5955
7973
7701
8249
5807
2402
5619
7021
3606
5521
2211
5734
553
7713
1784
2769
3611
2539
1067
7975
6192
4324
4468
4626
589
9423
6889
3719
6634
5897
2112
143
4637
4692
8333
8181
7862
5870
1879
3049
8737
9507
8086
6029
3607
1250
7630
9378
9287
6005
9284
1033
9180
4892
6152
6876
2630
954
6984
2842
8353
3821
1254
3687
116
3485
8523
731
9271
5301
8655
963
635
1346
1155
6957
6920
1138
6752
5310
6512
8891
9702
7190
1758
4065
9800
7189
567
2204
8025
454
1879
2446
9456
933
8768
5426
9732
3721
7109
9228
633
6807
3753
274
2508
5071
1926
8491
1153
8543
4943
8651
4955
4610
6589
8912
1581
5111
4502
9333
7722
2742
3772
8384
3308
3855
5001
8699
5485
2182
2852
5492
8951
6190
7988
279
4009
2991
755
6622
2244
3956
3896
9850
700
686
9048
4406
1457
2315
9340
1209
3372
2817
143
7304
5704
4677
4681
5642
2399
7986
1659
1872
8546
7960
3302
3048
667
2891
2351
6100
5219
3433
5606
4026
9078
3252
9437
2326
8421
459
6428
7059
7216
8867
2203
535
3926
2710
8602
2189
2785
7065
9338
7603
6409
9508
4793
7424
575
3224
6265
5607
9949
6039
8507
9943
771
8913
7758
1399
5180
7122
3625
1725
9972
1953
5871
623
7101
3872
5639
1383
1808
5241
2346
3546
6540
8285
2761
538
875
7220
5763
7532
227
3545
5443
8223
2673
7770
539
8885
1856
1342
5856
9137
6240
18
2104
7539
6665
5738
3142
7434
6321
5845
9315
9692
5116
4201
4679
2346
6237
7131
6253
1917
9398
3409
3964
4800
9472
6703
9444
2504
3735
3208
8303
4418
6441
5088
9422
2791
8956
4198
9671
8539
8939
1647
4425
6424
3048
1298
412
7320
3909
4212
7711
7054
1021
7471
6200
498
3632
486
5329
6527
642
6927
1441
1743
3351
9540
4722
6204
1391
985
3718
142
5235
1039
3689
9555
117
1007
2431
1411
1021
1377
5966
56
4543
3974
422
4727
675
8042
2661
1344
2583
9362
1345
9184
3515
6909
6884
4218
6602
1316
10000
4720
8073
7343
3177
1905
7702
2962
1901
4987
5459
9338
5062
3185
4838
319
2450
615
7803
2708
4243
8119
1215
3536
2061
6337
5878
5939
1719
4198
4045
6120
3144
4013
4251
5713
747
4067
8572
2314
1092
2972
9740
3075
3921
1196
1298
4163
9307
2954
1654
8947
7285
9178
2365
8431
9007
2655
249
8395
6763
1271
6509
8928
3289
9135
9935
9462
6677
7300
7709
8932
3172
8350
1296
9884
9214
4972
5921
8664
2428
1403
1519
6961
4555
4787
5601
2811
501
8544
1628
8981
1146
147
7309
5776
1994
8141
8972
3665
3379
5296
7818
7689
2316
7704
8821
6876
7000
4952
5977
5219
785
2731
1030
9979
7594
2385
5232
2259
9907
1917
732
6742
7768
2934
5661
9322
4334
5815
6343
4998
4341
7425
5777
5015
7636
5324
2930
5451
6173
6714
5652
4509
6012
7471
2379
6857
3514
975
2499
2545
5572
2049
4098
9612
5556
1340
3580
845
7613
5802
5307
5130
1660
6660
589
2008
6075
1991
7322
597
5091
2719
6631
7122
6591
5427
5644
3107
9428
8790
3217
5668
2078
3937
308
5863
3335
1240
1593
6892
3582
1197
9540
4702
4056
8456
8593
3244
7317
3759
3891
5631
5517
3452
9729
2895
1306
8353
2424
6641
9270
625
435
6276
5113
4937
2527
7539
6438
9540
9122
779
2040
5550
9359
7086
31
1131
7840
517
2364
3421
7061
4526
6311
704
7826
5464
4204
5954
9485
8872
13
8732
6785
8292
1516
4299
9275
2532
9490
1044
994
9943
7445
2019
7928
8901
3829
2932
7282
1495
6538
9451
7846
1760
8047
9935
1274
2752
8206
2488
5625
1704
4882
129
7583
176
6183
4240
2654
7738
2621
6779
456
3359
8772
8803
2475
8662
1955
8247
3302
9226
4912
6127
6851
7626
2790
7141
3998
4202
1550
7319
4850
149
6626
6551
992
132
5122
3016
1290
9650
6324
5972
8720
4325
6511
6875
8247
3650
7596
4526
5106
2692
3132
9618
464
4380
2640
3173
362
973
2146
1291
4779
1648
8905
5387
7614
4413
8576
9064
4073
5306
7933
2074
1001
3274
6407
8933
2859
1270
8536
1807
6151
261
9339
4770
2647
3642
9246
3225
4477
8120
4677
4874
2500
9693
6457
7360
9332
1359
8625
7456
6925
5109
9076
307
4147
1349
5986
5076
8977
5527
861
1612
2831
962
1030
7458
3367
2780
7983
7917
653
9062
3178
3942
2440
2104
1806
3457
7144
5390
7181
4887
1550
6096
8892
9390
9800
960
3814
465
3380
7101
6717
6508
9706
8580
9055
9349
1735
2085
9405
116
9569
9202
6953
2737
7392
8899
6424
2904
2170
8636
1459
3709
3367
6862
6013
2092
9405
541
5973
7295
9673
1694
2432
7132
6666
8035
4727
2184
8743
3819
3555
8256
0
7728
3769
5608
1460
9480
1296